 -2.2242908532312038e+000  6.1913305259869542e+000 -4.3257983967892439e+000  2.4019567693488413e+000  1.4802745147055518e+000  6.6646679400049802e+000  9.9879364679808824e-001  1.5842514881959505e-001  1.0000000000000000e+000                      Inf
 -2.0604247374870401e+000  7.0000000000000000e+000 -4.3939353385386637e+000  3.0000000000000000e+000  1.1586873488938385e+000  3.7881042245702088e+000  5.8486140261161901e-001  4.6137641468311663e-001  1.0000000000000000e+000                      Inf
 -2.2201355186226390e+000  6.2037748546676283e+000 -4.3233504245729542e+000  2.3971204189932029e+000  1.4786567796860814e+000  6.6455071923917783e+000  9.9948211636099416e-001  1.5866660177072439e-001  1.0000000000000000e+000                      Inf
 -2.1182924078976226e+000  6.0445416569516821e+000 -3.9171934508179458e+000  2.4543603702973549e+000  1.3672432023072512e+000  6.6666611442265893e+000  5.6880360212134073e-001  2.1046278568400889e-001  1.0000000000000000e+000                      Inf
 -2.0659251522661242e+000  7.0000000000000000e+000 -4.3642623302915098e+000  3.0000000000000000e+000  1.1597383362950644e+000  3.7677609661955120e+000  5.5889969013307172e-001  4.6548842276316638e-001  1.0000000000000000e+000                      Inf
 -2.1353394583965621e+000  6.2778933881631680e+000 -3.7893337828656199e+000  2.5101803035354826e+000  1.3304099215250087e+000  6.4903358929423955e+000  4.6141538157815876e-001  2.7269756404169854e-001  1.0000000000000000e+000                      Inf
 -2.2811245036935630e+000  6.1731450195501143e+000 -4.2979317797346770e+000  2.4666964730929068e+000  1.4323307316797302e+000  6.4217911757744348e+000  9.1451394926912521e-001  1.7292111240305463e-001  1.0000000000000000e+000  2.5314541183786460e-001
 -2.1239092446629297e+000  6.8251138478237650e+000 -4.0452954777017140e+000  2.7095515487396447e+000  1.2398469048957008e+000  4.8192499817584489e+000  4.9720696522781099e-001  3.8543393670037779e-001  1.0000000000000000e+000  2.2614253853823518e-001
 -1.9894534034195317e+000  6.9802245683948021e+000 -4.2759849396201819e+000  2.8885381825493011e+000  1.1812888858377473e+000  4.0842508829737429e+000  5.5795674132604689e-001  4.3523460562682142e-001  1.0000000000000000e+000  2.0759118633349335e-001
 -2.1243093841057603e+000  6.6554250968019240e+000 -4.2859028477808874e+000  2.7587580074872293e+000  1.2274220589642575e+000  4.6815667573826234e+000  6.6556938721934333e-001  3.1301180064129935e-001  1.0000000000000000e+000  2.0352960467788977e-001
 -2.2221984483064690e+000  6.2030628013710016e+000 -4.2969578516344562e+000  2.5938564896655047e+000  1.3597213339161915e+000  5.8353262369215084e+000  8.1514893861209003e-001  2.0627835321218610e-001  1.0000000000000000e+000  1.7857706452088382e-001
 -2.1285600177393658e+000  6.8299833426391361e+000 -4.0239797887019071e+000  2.7245574487248043e+000  1.2432165396320209e+000  4.7643118166409604e+000  4.7696008586258026e-001  3.9151984215764651e-001  1.0000000000000000e+000  1.7783511022741622e-001
 -2.0914631918571742e+000  6.7564427929684809e+000 -4.3137716303046778e+000  2.8767139944330098e+000  1.1956792299809853e+000  4.2062539829871577e+000  6.0475512311258695e-001  3.6420374045959775e-001  1.0000000000000000e+000  1.7461212709649793e-001
 -1.9829648122860337e+000  6.2162052987098013e+000 -4.2416716978387461e+000  2.6307287672572799e+000  1.3258045698495051e+000  5.5582854581345096e+000  7.2719012888359591e-001  2.2262472525002924e-001  1.0000000000000000e+000  1.6796796472085332e-001
 -2.2094815925467888e+000  6.2035633151296423e+000 -4.3143156369701572e+000  2.5632766096818842e+000  1.3816106330363327e+000  6.0048714455508945e+000  8.6058909440906306e-001  1.9693551806502743e-001  1.0000000000000000e+000  1.6720948225644433e-001
 -2.1431453797243636e+000  6.1974210256091258e+000 -4.2749622153599054e+000  2.4019825189739747e+000  1.4509353573136046e+000  6.5583626079846207e+000  9.3227830838005465e-001  1.6430553769344511e-001  1.0000000000000000e+000  1.6649495274789061e-001
 -1.9219208765543838e+000  6.8987011766449378e+000 -4.2579454384050770e+000  2.8523414493963131e+000  1.1915985384292451e+000  4.2223699601297637e+000  5.6801398357658617e-001  4.0324181268171405e-001  1.0000000000000000e+000  1.6585353117430790e-001
 -2.1686227823827915e+000  6.3360432887117710e+000 -4.3163109952474512e+000  2.6008837479980507e+000  1.3372850437929229e+000  5.6425026983237592e+000  8.3484556773184926e-001  2.1807435444442336e-001  1.0000000000000000e+000  1.6124255210600746e-001
 -2.2274230366833176e+000  6.2133848650218457e+000 -4.2802467951486758e+000  2.6115902685761738e+000  1.3438568526784938e+000  5.7080745130970874e+000  7.8241500777997253e-001  2.1311870820024301e-001  1.0000000000000000e+000  1.5919246848503302e-001
 -2.2035144887553084e+000  6.8910330942145741e+000 -4.3715149303980239e+000  2.9425818111075279e+000  1.1747602812277660e+000  3.9798186718134883e+000  6.0783169329630748e-001  4.1117098869724344e-001  1.0000000000000000e+000  1.5905296863399615e-001
 -1.9944431787512089e+000  6.2290549035398133e+000 -4.2276981466060350e+000  2.7259755160929626e+000  1.2921967933379412e+000  5.0748816890413577e+000  6.4541253171720570e-001  2.5118234984883719e-001  1.0000000000000000e+000  1.4860995975485972e-001
 -2.2185215886125680e+000  6.2131811299183592e+000 -4.2655340935209836e+000  2.5956709574869348e+000  1.3460879762457121e+000  5.7560330225161627e+000  7.7863166285484287e-001  2.1029533874260589e-001  1.0000000000000000e+000  1.4749759470122586e-001
 -2.0217181023868904e+000  6.2683659741645590e+000 -4.3072805018831914e+000  2.7590102843225637e+000  1.2877653140938379e+000  5.0015372435756627e+000  6.9674187848058500e-001  2.5810710023752154e-001  1.0000000000000000e+000  1.4140458544774859e-001
 -2.2121227205631779e+000  5.9494177860780786e+000 -4.2158420989481700e+000  2.5367247485504958e+000  1.4239686289602298e+000  6.4279363395979683e+000  7.6054692410549896e-001  1.8713655546624086e-001  1.0000000000000000e+000  1.3858980190502024e-001
 -2.0625922718841885e+000  7.0000000000000000e+000 -4.4227400779605830e+000  2.9904797141422406e+000  1.1605232985929730e+000  3.8392314321126801e+000  6.1873683836964510e-001  4.5359403100856444e-001  1.0000000000000000e+000  1.3483411298589823e-001
 -2.0188256954624708e+000  6.3360260187034410e+000 -4.3039120408326594e+000  2.7678671523075544e+000  1.2719437978578971e+000  4.8874653077921719e+000  6.8637194259165180e-001  2.6633414511680920e-001  1.0000000000000000e+000  1.3103202328489422e-001
 -1.9849902131370722e+000  6.2324780843016372e+000 -4.2390383894145547e+000  2.6378329428329450e+000  1.3193081588891300e+000  5.5009955492931146e+000  7.1917663951476996e-001  2.2608958452798783e-001  1.0000000000000000e+000  1.3028396653316898e-001
 -2.0634508534089431e+000  6.9430345602590542e+000 -4.3958476998013944e+000  2.9892517565749821e+000  1.1638328130249276e+000  3.8354440289931091e+000  5.9578477055711232e-001  4.3998812461409881e-001  1.0000000000000000e+000  1.2933654069225994e-001
 -2.1225159798591431e+000  6.4587927103119904e+000 -4.0066680588282706e+000  2.6478808861045633e+000  1.2754467787914188e+000  5.2351203499205425e+000  5.1326641532636597e-001  2.9119796241705576e-001  1.0000000000000000e+000  1.2863756870049081e-001
 -2.2279519213338959e+000  6.1937529325656611e+000 -4.2927814544892868e+000  2.5864686783204784e+000  1.3636290941407552e+000  5.8757295099111655e+000  8.1596093694299354e-001  2.0403247440725145e-001  1.0000000000000000e+000  1.2799846496813755e-001
 -2.1002112511090201e+000  6.7706565319658738e+000 -4.3120428248231901e+000  2.8447480477092077e+000  1.2000333171420066e+000  4.3184475539866805e+000  6.2500334361032683e-001  3.5841836845999836e-001  1.0000000000000000e+000  1.2574625511704707e-001
 -2.3230036222409893e+000  6.2106171919632933e+000 -4.2527226818111830e+000  2.5170727973412870e+000  1.3778190836682944e+000  6.0763297499923876e+000  8.2359452808582478e-001  1.9165041228575949e-001  1.0000000000000000e+000  1.2484723198524639e-001
 -2.1121250839805326e+000  6.6172403367775328e+000 -4.2665486010129241e+000  2.7519292654055008e+000  1.2315242878432275e+000  4.7139733763021834e+000  6.5261914900764784e-001  3.0620277691300141e-001  1.0000000000000000e+000  1.2359061103891342e-001
 -2.2217421884325459e+000  6.2192616937434906e+000 -4.3050994665421474e+000  2.3973200021462904e+000  1.4642125601387890e+000  6.5746718852765929e+000  9.7513427219211446e-001  1.6174181725387662e-001  1.0000000000000000e+000  1.2351075906075430e-001
 -2.2932674081570994e+000  6.3019539896888066e+000 -4.3004257078265171e+000  2.4277931931903498e+000  1.4267345813018915e+000  6.3071783311580454e+000  9.4883551862840732e-001  1.7557698670596650e-001  1.0000000000000000e+000  1.2044248237899580e-001
 -2.2173083226479351e+000  6.9124699909479155e+000 -4.3720265520962904e+000  2.9591814133820766e+000  1.1705930802031761e+000  3.9199178258287328e+000  5.9594377768166706e-001  4.2273365952219366e-001  1.0000000000000000e+000  1.1319752572320686e-001
 -2.2141547206951535e+000  6.1561178005661734e+000 -4.3172957306180502e+000  2.5445369181785615e+000  1.4032817884620343e+000  6.1824930259010458e+000  8.7669177378627128e-001  1.8895736451053702e-001  1.0000000000000000e+000  1.0717231921878399e-001
 -2.0842172900334441e+000  6.6303122703162831e+000 -4.1821494572999551e+000  2.7995959004517155e+000  1.2235634638214590e+000  4.4693824657487564e+000  5.4763866433568531e-001  3.3218368985465729e-001  1.0000000000000000e+000  1.0706039168316092e-001
 -2.1432767568182651e+000  6.1956478138328217e+000 -4.2830904440206572e+000  2.3867821840100136e+000  1.4636384897151804e+000  6.6227835953834662e+000  9.5255656866977945e-001  1.6042965881804949e-001  1.0000000000000000e+000  1.0692297782268126e-001
 -2.1193406490314119e+000  6.7394202797476170e+000 -4.4061388244226682e+000  2.8490582755581904e+000  1.2122736109229653e+000  4.4054979959457645e+000  7.2204566548364091e-001  3.4069364143182318e-001  1.0000000000000000e+000  1.0634280037875801e-001
 -2.2263843467055562e+000  6.2092723461571202e+000 -4.3269541949409129e+000  2.4112419325891987e+000  1.4716101750879871e+000  6.5959088027867940e+000  9.9494138142187638e-001  1.6144715496711542e-001  1.0000000000000000e+000  1.0473150217524425e-001
 -1.9879236254655797e+000  6.1763249083947347e+000 -4.2239729434538926e+000  2.7167808379873026e+000  1.3048994250512422e+000  5.1692829048450868e+000  6.4890704491979234e-001  2.4536859450759024e-001  1.0000000000000000e+000  1.0365989635170868e-001
 -2.1187654478057554e+000  6.6837495282838386e+000 -4.2691289255536473e+000  2.7797999043291846e+000  1.2189646285797016e+000  4.5727072828742186e+000  6.3294168550450147e-001  3.2687247410974274e-001  1.0000000000000000e+000  1.0314904817704715e-001
 -2.2056750680525345e+000  6.1908199934981045e+000 -4.3241847879761899e+000  2.5634472556781320e+000  1.3887042280122759e+000  6.0485912455121218e+000  8.7179971725607275e-001  1.9535799159147316e-001  1.0000000000000000e+000  1.0219068702458173e-001
 -2.1223788363475999e+000  6.4500794907334322e+000 -4.0161563916806893e+000  2.6464816718812929e+000  1.2753090114433754e+000  5.2384957729793102e+000  5.2041185998130779e-001  2.8785758425777314e-001  1.0000000000000000e+000  9.4532434591570264e-002
 -2.2179006044068270e+000  5.9349038613874399e+000 -4.2158841767222981e+000  2.5379029889085238e+000  1.4278835831943544e+000  6.4537604213207249e+000  7.5860564265563390e-001  1.8727767315727004e-001  1.0000000000000000e+000  9.4306119270419250e-002
 -2.1144363890840907e+000  6.5451366079644018e+000 -4.0618705476124672e+000  2.6692776616261646e+000  1.2589205551069751e+000  5.0661626720487050e+000  5.3622615553685138e-001  3.0402850917041163e-001  1.0000000000000000e+000  9.0502978304391343e-002
 -2.2206998574888286e+000  6.9030826084059580e+000 -4.3753014722220893e+000  2.9567073370173858e+000  1.1716128483197654e+000  3.9329343785458208e+000  6.0096717955687473e-001  4.1883497411880155e-001  1.0000000000000000e+000  8.4675342968653269e-002
 -2.1431426410744385e+000  6.1980834126189279e+000 -4.2828103710757581e+000  2.4043582630838900e+000  1.4535181762137388e+000  6.5619263116398781e+000  9.4074364295458712e-001  1.6397343700086159e-001  1.0000000000000000e+000  8.4248215441471319e-002
 -1.9961514040817010e+000  6.2506882423356602e+000 -4.2476250039576922e+000  2.6845311972812356e+000  1.3020991581944337e+000  5.2738528876089763e+000  6.9326410615514023e-001  2.3939146159000310e-001  1.0000000000000000e+000  8.2202120297701770e-002
