  8.2411171677933357e+000  6.7938701625558586e+000 -2.8777581888816730e+000 -3.7588308792430212e+000  2.5180177995530695e-001  2.2124067660913811e+000  4.4784741965482723e+001  5.3764231125203299e-001  1.3812159513557920e+000  1.0000000000000000e+000                      Inf
  7.9261585405196850e+000  4.5925740834050615e+000 -6.5533164385723861e+000 -4.4332880010068880e+000 -2.0440492748343395e+000  3.0421866844937848e+000  3.2713401364122191e+001  7.4739007919834211e-001  9.7946885502391634e-001  1.0000000000000000e+000  4.2561675843664881e-001
 -1.9907195244206748e+000  5.4094235799230699e+000 -4.9680905343712309e+000  3.4783540227585341e-002 -4.1573752170361926e+000  3.4700800116155568e+000  1.5937616881605386e+001  1.4229189268247264e+000  9.3439750550956557e-001  1.0000000000000000e+000                      Inf
  7.5864971483705084e+000  4.8605703976776216e+000 -4.4008350534342586e+000 -4.1259835359434289e+000 -1.1797594563836800e-001  2.9769210416227190e+000  2.1807195590685076e+001  8.4141727884647188e-001  8.1836493203611793e-001  1.0000000000000000e+000                      Inf
  2.8918270579359096e-001  4.9303249899876622e+000 -2.8069326446383434e+000 -1.2790171266627990e+000 -4.8435642178684200e+000  2.5314483082151820e+000  7.4682218476280184e+001  7.2615462054505442e-001  1.0686417867051645e+000  1.0000000000000000e+000                      Inf
  7.8581759697395901e+000  4.6055085827757996e+000 -4.4020416699828315e+000 -4.1282425677988952e+000 -2.0055348251216376e-001  3.7465206804711251e+000  3.1005702056646765e+001  7.8089007049578441e-001  1.8470360598937969e+000  1.0000000000000000e+000  3.6080041086202996e-001
  7.5519656295983708e+000  4.7015465080844860e+000 -4.3900557949591565e+000 -4.1782004783572324e+000 -1.4820282005791641e-001  3.6749436393216595e+000  2.7168806218580073e+001  8.1940187685123234e-001  1.6731433706776850e+000  1.0000000000000000e+000  3.8107216364717555e-001
  7.5846555037746306e+000  4.8980254047330742e+000 -4.3955891713254394e+000 -4.1122322311032553e+000 -8.8791497257854873e-002  3.6507035061759985e+000  2.1558928652212998e+001  9.3101359475709655e-001  1.4658032276675024e+000  1.0000000000000000e+000  3.5094759090726912e-001
  8.9502634473481297e+000  6.7707312717699875e+000 -2.9362362458683422e+000 -3.7756196518529279e+000  2.8432375636425217e-001  3.8565662678050323e+000  4.1785521856739031e+001  7.1057536698344492e-001  3.0265632668535662e+000  1.0000000000000000e+000  1.1249955115252117e+000
  7.6211643918895993e+000  4.9417870661074179e+000 -4.3125654784435525e+000 -4.1108889282924812e+000 -3.5297855989294989e-002  4.2360865846716838e+000  2.0904584788522360e+001  1.0009186221119488e+000  2.0706570713139256e+000  1.0000000000000000e+000  1.2668499655214802e+000
  7.6766829860516275e+000  5.0327577594766479e+000 -4.2023388897182175e+000 -4.1513387231670258e+000 -1.1477915289953930e-001  5.8786244645259504e+000  2.0488133311493240e+001  1.1921031071112631e+000  3.7513461746192336e+000  1.0000000000000000e+000                      Inf
  4.8707998319679096e+000  5.3236924403265782e+000 -6.8552496464196206e+000 -3.4268164488983803e+000 -2.6607471379270802e+000  3.8655451097888878e+000  1.8133002838353956e+001  1.4918302253651885e+000  1.0464707081762876e+000  2.0000000000000000e+000                      Inf
 -2.5592487827919048e+000  5.8449687915652895e+000 -5.7087405371333730e+000 -4.6069048086934243e+000 -3.3513516903776246e+000  4.3550694050791172e+000  1.6015863010315542e+001  2.2783842144409707e+000  1.6823348897186987e+000  2.0000000000000000e+000                      Inf
  7.9278535499282485e+000  4.5812362377387439e+000 -6.6365440444406731e+000 -3.9709234047607915e+000 -2.0480772801433051e+000  3.8324242090061800e+000  3.4012023570717830e+001  8.2023567580659085e-001  1.7863470544138869e+000  2.0000000000000000e+000  4.0623620823895207e-001
  7.9723996260792864e+000  4.6863272694207723e+000 -6.5536814367793106e+000 -4.3759942774875755e+000 -2.0399759800194404e+000  3.8945417438008394e+000  2.9848717912498120e+001  8.8973600679713438e-001  1.6911621613287093e+000  2.0000000000000000e+000  2.7654328120596328e-001
  7.9666559703656485e+000  4.5939852787744808e+000 -6.5506866193532476e+000 -4.4302586610340029e+000 -2.0382399508448961e+000  3.8338153964767039e+000  3.3442900752945867e+001  8.2733702792855668e-001  1.7689982240365449e+000  2.0000000000000000e+000  1.4913829102904755e-001
  7.6453976076512653e+000  4.8597978997048026e+000 -4.3665081771124417e+000 -4.1340994089306733e+000 -1.6463849688131965e-001  3.6468289083606686e+000  2.2411921386373880e+001  9.0301746367637448e-001  1.5047883258057457e+000  2.0000000000000000e+000  7.7319356922755422e-001
  8.2429588123892170e+000  6.7564151555004059e+000 -2.8830040709904932e+000 -3.7725821840831943e+000  2.2261733157479385e-001  3.0678564554101211e+000  4.6352014811641027e+001  6.3416795425892747e-001  2.2367687400248908e+000  2.0000000000000000e+000                      Inf
 -1.9842225948538372e+000  5.4093199925907056e+000 -5.0070203519657586e+000  3.7706294185213055e-003 -4.1742490577592282e+000  4.4078697874070176e+000  1.6967490183642632e+001  1.5258519925825393e+000  1.8533510419507042e+000  2.0000000000000000e+000  7.0126305204755734e-001
  7.8773190759391696e+000  4.6083160490340997e+000 -4.2775937974835969e+000 -4.1257521122223588e+000 -5.2227535267213576e-002  4.4651872276206994e+000  3.1087175469516925e+001  8.4364624680164069e-001  2.6028360832952684e+000  2.0000000000000000e+000  3.5322869550111796e-001
  7.9735494070286483e+000  4.6909006187630951e+000 -4.3391537766019317e+000 -4.1260778615216678e+000 -2.1153378546721874e-001  4.4073517587140447e+000  2.8178312128408407e+001  8.8255080592868729e-001  2.4338187079410356e+000  2.0000000000000000e+000  3.6319515508151723e-001
  7.8566657280861181e+000  4.6259490648862860e+000 -4.4501012701518059e+000 -4.1012796609301079e+000 -2.5068235893981694e-001  4.4667481789081869e+000  3.1037870299100462e+001  8.6624509084841494e-001  2.5288352381401316e+000  2.0000000000000000e+000  1.8207482697721603e-001
  9.8067597581616948e+000  6.7748438543426932e+000 -2.9399400240886235e+000 -3.6295885998534567e+000  2.7054450883917142e-001  4.6918444867111386e+000  4.2818165224186302e+001  7.9966583958172821e-001  3.8607311676817120e+000  2.0000000000000000e+000  1.1156334864986981e+000
  7.5504273646070050e+000  4.9681434796133361e+000 -4.2590049842022450e+000 -4.1076585087721558e+000 -4.3398676483318695e-002  5.4452594629320314e+000  2.1414481755047877e+001  1.1262381873812788e+000  3.2998248299812105e+000  2.0000000000000000e+000  6.1159591926572143e-001
  7.6559041239415029e+000  4.9595248178688589e+000 -4.2334071569687834e+000 -4.1163964366753323e+000 -1.1425994430610961e-001  5.4433757089837727e+000  2.1538410708336368e+001  1.1163034458063132e+000  3.3159141278255264e+000  2.0000000000000000e+000  5.5923379679004015e-001
  7.6773485706064886e+000  5.0383720404156129e+000 -4.2023721865890531e+000 -4.1506742173099056e+000 -1.1425106117639587e-001  6.4667995443018853e+000  2.0976921177791777e+001  1.2538497938432316e+000  4.3387437950673515e+000  2.0000000000000000e+000  6.9673174053713394e-001
  7.6827192652054199e+000  5.0317665078013034e+000 -4.1927096555149452e+000 -4.1517387015818148e+000 -1.2065811166854160e-001  6.4758086457197779e+000  2.1079297912733221e+001  1.2489097917287666e+000  4.3553113058950164e+000  2.0000000000000000e+000                      Inf
  7.9146264740483749e+000  4.5696570778237122e+000 -6.4574868734554931e+000 -4.4473785505836148e+000 -2.0135146853192061e+000  3.9144998210368680e+000  3.4617791432436796e+001  8.2205958216362829e-001  1.8864412461522471e+000  3.0000000000000000e+000  8.2291958931945552e-001
  4.8303024021219469e+000  5.3222812449571588e+000 -6.8578794656387592e+000 -3.4298457888712659e+000 -2.6665564619165241e+000  4.8654887363336226e+000  1.9143039328095036e+001  1.5902673031579058e+000  2.0463236065688331e+000  3.0000000000000000e+000  2.0187523914718219e-001
  4.8118993726871526e+000  5.3244649382993972e+000 -6.8895765227414385e+000 -3.4187005759111360e+000 -2.6140845866841289e+000  4.8699856629005112e+000  1.9133106848655302e+001  1.5932462225092550e+000  2.0506594758038723e+000  3.0000000000000000e+000  4.9586014813271939e-001
  7.5753246888714862e+000  4.8197704027311294e+000 -6.6012917682682115e+000 -4.3492610827939124e+000 -1.8933026425138726e+000  3.9476663797774338e+000  2.5809347196605927e+001  9.9405794620821974e-001  1.5444835588163766e+000  3.0000000000000000e+000                      Inf
 -2.5550658341523889e+000  5.6648235126422666e+000 -5.7098291220018744e+000 -4.5883833984835549e+000 -3.3550616186757876e+000  5.2534744126409230e+000  1.7451950904829321e+001  2.0128235129631813e+000  2.6406295929897610e+000  3.0000000000000000e+000                      Inf
  7.8899468714589762e+000  4.8354044472535502e+000 -4.3503264195453628e+000 -4.1269932851214719e+000 -1.1205965574759869e-001  4.3332679584217564e+000  2.3653205371374494e+001  9.5457381937251740e-001  2.2201335864268508e+000  3.0000000000000000e+000  4.1336007605141906e-001
  8.3627942507100599e+000  4.6001065684496947e+000 -4.4023288072347437e+000 -4.1273320792032422e+000 -1.4812670030908298e-001  4.5905522140405211e+000  3.2024523795134641e+001  8.6264519361396763e-001  2.6979790420657661e+000  3.0000000000000000e+000  5.3286782733623728e-001
  8.2463416521611261e+000  6.7609508753563610e+000 -2.8522472197224493e+000 -3.7713312767156841e+000  2.8758128807064154e-001  3.9111502304264185e+000  4.6537549371422330e+001  6.8843078678489111e-001  3.0674552427525086e+000  3.0000000000000000e+000                      Inf
  7.8383109779245208e+000  4.7271897326605741e+000 -4.5200056836126477e+000 -4.1379264542829786e+000 -3.8104282315924887e-001  4.4550752759787704e+000  2.7530471910496409e+001  9.2439316692033402e-001  2.3778937707419061e+000  3.0000000000000000e+000  4.3868366746009063e-001
 -2.1919828093101250e+000  5.4113305847477147e+000 -4.9459434814764904e+000 -8.2961219993198700e-003 -4.1573710012394995e+000  5.1841850527090116e+000  1.7528270961528396e+001  1.5861967804228232e+000  2.6720581743985830e+000  3.0000000000000000e+000  1.7309220440742887e-001
  7.5766502297631195e+000  4.7624088737407666e+000 -4.4799189029288922e+000 -4.7654577641907920e+000 -6.1480480486805961e-002  4.4178267795971085e+000  2.6123685374400729e+001  9.3587166774504105e-001  2.3210856010720757e+000  3.0000000000000000e+000  1.8526022281351315e-001
 -1.9809457836659707e+000  5.2664871402840028e+000 -5.1567333852811323e+000  4.1487750830392529e-002 -4.1383461841912146e+000  6.0841930084952986e+000  1.9999657174941937e+001  1.5850766679516515e+000  3.4299456807697450e+000  3.0000000000000000e+000  6.5939242886551952e-001
  7.5059575776253133e+000  4.8930278479618368e+000 -4.4267430529286962e+000 -4.1786727129035253e+000 -1.6734540951002763e-001  5.0189617700502627e+000  2.3164507114589895e+001  1.0701682755633843e+000  2.8203425428378903e+000  3.0000000000000000e+000  3.7421313739181788e-001
  7.6269254406097993e+000  4.9459751359726027e+000 -4.3164501173854770e+000 -4.1109846097931602e+000 -3.5188452478201272e-002  5.5293930531413489e+000  2.2121914624736014e+001  1.1335066728075374e+000  3.3593781847461419e+000  3.0000000000000000e+000  3.4651122905535375e-002
  7.6152876129491878e+000  4.9549020641997235e+000 -4.3137680572152561e+000 -4.1214818386339056e+000 -3.0497718599538065e-002  5.5127515656755328e+000  2.1910229580020236e+001  1.1365910712821816e+000  3.3397628420031436e+000  3.0000000000000000e+000  2.6112972198285167e-001
  7.6205212536950464e+000  4.9407115611307013e+000 -4.3122978625861368e+000 -4.1109280945698385e+000 -3.4052781322788946e-002  5.5342048105069086e+000  2.2224008589604558e+001  1.1300286166529032e+000  3.3695607107492300e+000  3.0000000000000000e+000  7.4988840582820904e-002
  7.6151676150911527e+000  4.9144172861219024e+000 -4.2999291651461347e+000 -4.1069318295121482e+000 -6.8712518125977978e-002  5.5678708688046505e+000  2.2806209916272142e+001  1.1158276168372814e+000  3.4246498315223048e+000  3.0000000000000000e+000  3.0348023015575609e-001
  7.5429949276697386e+000  4.9742326937380392e+000 -4.2518263544028709e+000 -4.0495970589041281e+000 -5.9700858007940470e-002  6.0611871694200108e+000  2.1893908711458714e+001  1.1898469789692818e+000  3.9174445318922668e+000  3.0000000000000000e+000  6.4493163696775757e-001
  7.6761857617353604e+000  5.0315111510744384e+000 -4.2035572455170191e+000 -4.1518013324719298e+000 -1.1252307568350092e-001  6.4880752625984162e+000  2.1122511613255469e+001  1.2526915245166790e+000  4.3601722036199337e+000  3.0000000000000000e+000                      Inf
  7.3619072449243372e+000  5.0325139590619861e+000 -4.2027983849023371e+000 -4.1418153511531202e+000 -1.6293317825783427e-001  6.4870261999156664e+000  2.1111527482845545e+001  1.2531848742094658e+000  4.3586219186846229e+000  3.0000000000000000e+000  6.0354323265876442e-001
 -2.5657457123587415e+000  5.8450723788976555e+000 -5.6698107195388454e+000 -4.5758918978843601e+000 -3.3344778496545882e+000  5.9746421298829748e+000  1.7593281285286395e+001  2.4333420883807131e+000  3.3123231461732181e+000  4.0000000000000000e+000                      Inf
  7.5312192361208723e+000  4.8315640541192195e+000 -6.4102089123689714e+000 -4.4379605087042426e+000 -1.8521178107168113e+000  4.6766263611329446e+000  2.6223999305586414e+001  1.0763091906697708e+000  2.2578560462684205e+000  4.0000000000000000e+000                      Inf
  8.0707339025550144e+000  6.7326319983675598e+000 -2.9036497263081165e+000 -3.7800603014270258e+000  2.6368248061804572e-002  3.9900786639475019e+000  5.0572296527389597e+001  7.8646776924010475e-001  3.0913318057257730e+000  4.0000000000000000e+000                      Inf
