  1.3641409798111050e+000  2.3137341460361307e-002  2.1818703049573369e+001  4.5281573262400532e-001  2.6460227032976184e-002  1.7432025464104658e-003  3.8060226021270331e+000  2.8694477728725909e-002  3.7516420077300829e+001  5.7106294267894242e-001  7.6150588042404888e-001  5.1667095282985076e-003  2.2552533005524626e+000  8.4826578628027605e-001  2.2760132057958602e-002  5.3295016507551585e-001
  2.2510274868378595e+000  3.4112066160159583e-002  2.9049350265223623e+001  6.6827415943274959e-001  3.9859709325647717e-002  2.9329894101445594e-003  3.5407628969694844e+000  3.1005212224116452e-002  3.6235184685641691e+001  6.1775284428262367e-001  7.5284902026286127e-001  4.7098602815452903e-003  2.6878044805066730e+000  7.9115919765592535e-001  3.1326120351611197e-002  1.8830965736799099e-001
  2.5793000805858992e+000  6.8989452347115537e-002  5.1884062063608155e+001  1.3338409337217607e+000  6.0766560278515507e-002  2.9362485656451026e-003  7.9134714270864492e-001  2.8303831270541480e-002  8.8607080795064324e+000  5.6318002786966481e-001  7.5397662501235896e-001  7.5360431262761277e-004  2.5000302557077121e+000  8.9077993102965780e-001  6.6459150403815434e-002  4.3617574479907786e-002
  2.2925356125840963e+000  3.9517159236740589e-002  3.1505771624494514e+001  7.7297873594260957e-001  4.3304349269181808e-002  2.8890462983703481e-003  2.8132266507704848e+000  2.9601480874506203e-002  2.8806080008964894e+001  5.8937704440015892e-001  7.5477024916026014e-001  3.6689537230434957e-003  2.5109049553794720e+000  6.8438542903862265e-001  4.7342185644206600e-002  1.3397950299749528e-001
  1.6218161128801598e+000  3.2520833046319995e-002  2.8288554575613716e+001  6.3519140101155214e-001  3.3394486312395139e-002  1.9990921459624440e-003  2.4508794441454711e+000  2.8441312811885222e-002  2.4653778300287502e+001  5.6595394754167216e-001  7.5647875880918025e-001  3.1640353847117338e-003  2.2673699584691649e+000  9.0963219533502226e-001  1.3555170699746657e-002  1.5900959137014223e-001
  2.1415161338472464e+000  3.1668809871212497e-002  2.7441973399724404e+001  6.2038961583339647e-001  3.7131935382102757e-002  2.7949366880546844e-003  4.6583835054979676e+000  3.0358772933004152e-002  4.6604018098146661e+001  6.0468056141765736e-001  7.6108911467695317e-001  6.3446892249854579e-003  2.6549766407437136e+000  8.0250227331193935e-001  3.4012798494290605e-002  2.4203151326991820e-001
  2.1939956068593403e+000  3.4279297093282986e-002  2.8756390795823776e+001  6.7130707360500042e-001  3.9247271408250711e-002  2.8280039299233639e-003  3.8526873835077637e+000  3.0128499002785691e-002  3.8877965039676432e+001  6.0002594693035149e-001  7.5828625933160887e-001  5.1715256092954263e-003  2.3600420778535733e+000  7.4047401623115972e-001  3.8928897565326040e-002  1.9219533821536558e-001
  2.3101690025619841e+000  4.0759670918559247e-002  3.2164674717464806e+001  7.9696014439569507e-001  4.4191720175831846e-002  2.8957619139589170e-003  2.6448743187769104e+000  2.9481868900684605e-002  2.7151030892783556e+001  5.8696092945736922e-001  7.5445040332440017e-001  3.4261171038669422e-003  2.5021634891729656e+000  6.7026725180700719e-001  4.9459912228948917e-002  1.2526872405348799e-001
  1.3655433646657569e+000  2.3582468241607455e-002  2.2208397835044416e+001  4.6147307666951742e-001  2.6713109515702726e-002  1.7386291898031359e-003  3.6792917291161000e+000  2.8640969855695086e-002  3.6263650762707485e+001  5.6998302213217400e-001  7.6109585608345498e-001  4.9806005763584765e-003  2.2559690971571293e+000  8.3034096771309174e-001  2.5448854843036248e-002  5.3554036371429070e-001
  2.2909685724399571e+000  4.1260728429310563e-002  3.2342632757077453e+001  8.0640682088877613e-001  4.4255638782729971e-002  2.8594671885501465e-003  2.6599250620766881e+000  2.9376077406506385e-002  2.7211900976481914e+001  5.8482421670806239e-001  7.5508152226416658e-001  3.4483997896947206e-003  2.4797202584620228e+000  6.4837267074390881e-001  5.2744099388413672e-002  1.2553905908219909e-001
  2.2510281442454585e+000  4.2478594770491228e-002  3.2896463376472688e+001  8.2934347508321393e-001  4.4494821077849543e-002  2.7841984266139944e-003  2.5986832718580750e+000  2.9213592398823929e-002  2.6486938596481686e+001  5.8154287021701379e-001  7.5575095745856935e-001  3.3616661637001187e-003  2.4421474259720335e+000  6.0459938671341529e-001  5.9310091992987701e-002  1.2374985433874199e-001
  2.8631244933419038e+000  7.1977330220833011e-002  5.3011410791392606e+001  1.3915881637204901e+000  6.5889937955611461e-002  3.3189191722525734e-003  6.8078566503361415e-001  2.8384790237825364e-002  8.0355013397446946e+000  5.6481346533438526e-001  7.5474438116303866e-001  7.6317089556360990e-004  2.5324395639107609e+000  1.0024206164469840e+000  5.8375132091025926e-002  4.4050091729303541e-002
  2.7056689516961270e+000  1.0886627282142664e-001  9.7284771923312348e+001  2.1134441691026717e+000  6.9212228090182959e-002  2.5439570925274253e-003  3.9273175748406430e-001  2.7376035678279065e-002  4.9497469027699514e+000  5.4446989830982240e-001  7.5349724431230602e-001  2.8349791468766650e-004  2.4852734714328197e+000  1.6494004533829898e+000  6.9606557357952306e-002  3.2934436335708958e-002
  2.2411171725417884e+000  3.3745129646772419e-002  2.8849891358820216e+001  6.6110497216015174e-001  3.9544012159676165e-002  2.9243869988503299e-003  3.6481838247539606e+000  3.1045440842162986e-002  3.7276714458848538e+001  6.1856661760863396e-001  7.5299019792085842e-001  4.8637390946948723e-003  2.7157429226588818e+000  7.9565351823219566e-001  3.0844475597677515e-002  1.9504001794949549e-001
  2.3428293669702609e+000  3.7510365054241400e-002  3.0919999944957453e+001  7.3456476911407653e-001  4.2758037155438279e-002  3.0140762619917205e-003  2.7368030765835609e+000  3.0553073248488660e-002  2.8361302398285780e+001  6.0860883683048606e-001  7.5212430330116764e-001  3.5657041701866211e-003  2.5065149351582363e+000  7.7585618841528925e-001  3.5339428362465050e-002  1.3944978449813089e-001
  2.2522948610295446e+000  3.4158690915169536e-002  2.9074784712681325e+001  6.6918497438384072e-001  3.9899857473021133e-002  2.9340995020374202e-003  3.5274185078404514e+000  3.1000029096085679e-002  3.6105694964345467e+001  6.1764799856203290e-001  7.5282953681073539e-001  4.6907634141714546e-003  2.6842266974868698e+000  7.9076026772357966e-001  3.1385959841463057e-002  1.8747768858938557e-001
  2.2803777522427455e+000  3.9178077773529156e-002  3.1300519968697905e+001  7.6637234806458221e-001  4.2967212296720875e-002  2.8760367674997610e-003  2.8988049008576589e+000  2.9603290393293902e-002  2.9609920356873165e+001  5.8941359812511962e-001  7.5520077056156343e-001  3.7927696266268872e-003  2.5061449702767771e+000  6.8322557805896145e-001  4.7516163291155780e-002  1.3833716968782284e-001
  1.3664711330939172e+000  2.3713802697882286e-002  2.2319863273733858e+001  4.6402942202730707e-001  2.6794785901564457e-002  1.7379430432973254e-003  3.6404078976969370e+000  2.8624620464526407e-002  3.5880491202871696e+001  5.6965306239101032e-001  7.6096850060330634e-001  4.9234357542589959e-003  2.2563783491446072e+000  8.5069266115810194e-001  2.2396100826284709e-002  5.3538341770868669e-001
  2.5978293447656422e+000  6.9566552113123556e-002  5.2295370715696613e+001  1.3448479483184017e+000  6.1240579142081503e-002  2.9566887223084195e-003  7.6665004399085213e-001  2.8297209933762391e-002  8.6206055890237465e+000  5.6304644070366550e-001  7.5402390901602834e-001  7.4296285975526677e-004  2.5006252494294690e+000  9.0502022132068793e-001  6.5974159049657061e-002  4.3310599309328297e-002
  2.1159560847230097e+000  3.1073847381487239e-002  2.7053442049471432e+001  6.0872313251187171e-001  3.6466609864519252e-002  2.7649881492352148e-003  4.9592647928413616e+000  3.0188800567188645e-002  4.9357850858341052e+001  6.0124474482595858e-001  7.6343111224575166e-001  6.7951215140142594e-003  2.5940354617430983e+000  7.8307704763256314e-001  3.4797200127975929e-002  2.5360494039757908e-001
  2.1780927902546083e+000  3.3680859732904286e-002  2.8435292020989031e+001  6.5962490908274363e-001  3.8687437518183314e-002  2.8138238888361150e-003  4.0697334287266553e+000  3.0112822463755462e-002  4.0913146780423610e+001  5.9970910891163776e-001  7.5944015660260011e-001  5.4892159869385365e-003  2.3677112967376130e+000  7.4308632281981202e-001  3.8537051577028199e-002  2.0455973948159967e-001
  2.1627898464411195e+000  3.2459601440140547e-002  2.7870358847779361e+001  6.3584925760170818e-001  3.7850222382577015e-002  2.8137894905554562e-003  4.3504450293508636e+000  3.0379305310585192e-002  4.3703044077679465e+001  6.0509564068890143e-001  7.5960305622959012e-001  5.8925312478146953e-003  2.5943650712958726e+000  7.6798611082235568e-001  3.4802083376646642e-002  2.2487690567306440e-001
  1.3670630700721966e+000  2.3876316410180308e-002  2.2463298896266931e+001  4.6718769791783404e-001  2.6886184860449670e-002  1.7364324015028997e-003  3.5966342425112270e+000  2.8606782368434169e-002  3.5449144147136721e+001  5.6929306392390622e-001  7.6082636193135766e-001  4.8591255133356472e-003  2.2564718146128957e+000  8.3119535415973556e-001  2.5320696876039665e-002  5.3594975104276976e-001
  2.2725657179414416e+000  4.1402557020328142e-002  3.2361643785488596e+001  8.0896881288221967e-001  4.4129266885621514e-002  2.8304660010435739e-003  2.6910696680917443e+000  2.9327065179170830e-002  2.7456921991576916e+001  5.8383437175267794e-001  7.5552042311048495e-001  3.4942633479721000e-003  2.4658373399127007e+000  6.3453874899811802e-001  5.4819187650282285e-002  1.2713108499062079e-001
  2.2594611549232932e+000  4.0830605916455140e-002  3.2034247336122142e+001  7.9791199040026528e-001  4.3654919426645976e-002  2.8197665049414207e-003  2.7883572366490963e+000  2.9351169620121853e-002  2.8381768279794485e+001  5.8432117620744961e-001  7.5586879868072832e-001  3.6355727693907110e-003  2.4648683230390711e+000  6.3678291081209593e-001  5.4482563378185606e-002  1.3199957376504665e-001
  2.2510176091435556e+000  4.2632039989740397e-002  3.2982038331458995e+001  8.3227160032739855e-001  4.4580768908511328e-002  2.7820567565292782e-003  2.5799415096008396e+000  2.9203347978053129e-002  2.6303008394983255e+001  5.8133600390938334e-001  7.5572327445141130e-001  3.3345349851744838e-003  2.4407048115277945e+000  6.0225456216547568e-001  5.9661815675178642e-002  1.2296185990902164e-001
  2.2455085003365030e+000  4.2299639257666000e-002  3.2787368506139266e+001  8.2587977719043904e-001  4.4335836046900681e-002  2.7787872937809818e-003  2.6257733867987376e+000  2.9218242467832667e-002  2.6742333995558074e+001  5.8163677006631431e-001  7.5585295781243556e-001  3.4011178934779361e-003  2.4413199057439789e+000  6.0432859219761070e-001  5.9350711170358388e-002  1.2501116051174144e-001
  2.2304921489698555e+000  3.3364168228844429e-002  2.8641070522922703e+001  6.5365881495692701e-001  3.9212079687381565e-002  2.9148550589574544e-003  3.7665252926094279e+000  3.1079490008441457e-002  3.8419939490369792e+001  6.1925541336462508e-001  7.5315832571796204e-001  5.0335593508707283e-003  2.7443593580594161e+000  8.4200383603350637e-001  3.0363957183787978e-002  2.0243357408523435e-001
  2.8632684463535680e+000  7.1895083768957591e-002  5.2941287929584135e+001  1.3900452741599003e+000  6.5860254852477429e-002  3.3200078971230939e-003  6.8242099177516025e-001  2.8386905453432920e-002  8.0491883724158075e+000  5.6485614389234406e-001  7.5474638496088919e-001  7.6538355171967137e-004  2.5328630709083648e+000  1.0011101449900273e+000  5.8340269375480938e-002  4.4103316588778516e-002
  2.8633437986427794e+000  7.2030150359656570e-002  5.3055237889815984e+001  1.3925820360834817e+000  6.5913332356252810e-002  3.3186801989575064e-003  6.7980526214198989e-001  2.8383507351093629e-002  8.0275497563219673e+000  5.6478758066093704e-001  7.5474400970432554e-001  7.6183826995637749e-004  2.5322151277950398e+000  1.0033209321288661e+000  5.8389165593192349e-002  4.4017611546140228e-002
  2.4950844457477848e+000  4.3392259718160957e-002  3.4227639687382577e+001  8.4879975280525477e-001  4.7637544393783093e-002  3.1481728749332828e-003  1.8651773861110161e+000  2.9721203583725542e-002  1.9640968030993150e+001  5.9179567724827820e-001  7.5356464398812217e-001  2.3692872449238324e-003  2.6192106556992445e+000  7.2629096701482454e-001  4.1056354947776319e-002  9.1901624786727545e-002
  2.6472089804493630e+000  9.0437866699777797e-002  7.4786350061244860e+001  1.7521969697440252e+000  6.6667886818623415e-002  2.7558018145685177e-003  4.3587342474046054e-001  2.7620909984568565e-002  5.6527684129900626e+000  5.4940644679400030e-001  7.5388298975484713e-001  3.9446272904921850e-004  2.5339597956350861e+000  1.3031327160957802e+000  6.7359638047236728e-002  3.4364160798200649e-002
  2.2600524529590960e+000  3.8191359032820241e-002  3.0756812908862592e+001  7.4725226882625129e-001  4.2193038748055786e-002  2.8613784771940624e-003  3.0706598968444094e+000  2.9679649135979647e-002  3.1269642901484616e+001  5.9095616427743103e-001  7.5578444205390538e-001  4.0412147766626556e-003  2.5058939381760066e+000  6.9107183515422022e-001  4.6339224726866954e-002  1.4691808096419037e-001
  2.1365701876584331e+000  3.1508112392441473e-002  2.7346730054881633e+001  6.1724699097575875e-001  3.6996481990037154e-002  2.7902509604100629e-003  4.7054076595967320e+000  3.0366778297141517e-002  4.7053803648521644e+001  6.0484239559880670e-001  7.6125968414337664e-001  6.4134826410332420e-003  2.6694842391588032e+000  8.1799400879402950e-001  3.3817439254924593e-002  2.4399701568367793e-001
  1.3657765292013870e+000  2.2164862750665905e-002  2.0975246394701902e+001  4.3389341666238795e-001  2.5936477140933469e-002  1.7604144024206457e-003  4.1172797253381361e+000  2.8835102225877707e-002  4.0605537583298201e+001  5.7390135888261540e-001  7.6250145318679330e-001  5.6232019640870962e-003  2.2525822773703554e+000  8.4845790040834390e-001  2.2731314938748404e-002  5.2208154152747699e-001
  2.2449537605933334e+000  3.5922612288376704e-002  2.9711642552540727e+001  7.0338101538179032e-001  4.0767240830892400e-002  2.8786211547801453e-003  3.3688256342601530e+000  3.0128133017102154e-002  3.4310908430145375e+001  6.0001854995067916e-001  7.5578772950409501e-001  4.4682842131620222e-003  2.4803716322596432e+000  7.3670717179514567e-001  3.9493924230728138e-002  1.6777225535646934e-001
  2.5562333437441427e+000  6.8441000732160126e-002  5.1498794257117176e+001  1.3234016095263361e+000  6.0267178966832778e-002  2.9087784929358955e-003  8.0261220165881397e-001  2.8293860909680113e-002  8.9672070217507969e+000  5.6297887361230359e-001  7.5393210400773147e-001  7.6628465752078684e-004  2.4985056124177354e+000  8.7598390298828988e-001  6.7112655980706926e-002  4.4106465433713611e-002
  2.2526048546677484e+000  3.6746224266981826e-002  3.0079156148457312e+001  7.1934947525210502e-001  4.1348422520778416e-002  2.8754602962059229e-003  3.2085354692426655e+000  2.9972975968395987e-002  3.2726352747675044e+001  5.9688288931915245e-001  7.5548482628482605e-001  4.2379420179485365e-003  2.5102148515881400e+000  7.2174064164311991e-001  4.1738903753532008e-002  1.5586367614271610e-001
  2.7016665482554627e+000  6.4337450009500932e-002  4.7287064396304018e+001  1.2468240219276678e+000  6.0701772003107370e-002  3.1640675787578429e-003  8.0194138699251383e-001  2.8502647218606736e-002  8.9816666313992091e+000  5.6719159124303964e-001  7.5441418953433881e-001  9.3319772616802521e-004  2.5428871256601502e+000  8.4563161505995899e-001  6.0178861030156336e-002  4.7419220529909080e-002
  2.3218471600980792e+000  4.0937411976235655e-002  3.2299534750559147e+001  8.0045681456816609e-001  4.4414564481736828e-002  2.9105938087266260e-003  2.5941150315985393e+000  2.9492887823907576e-002  2.6681893379207768e+001  5.8718349564488292e-001  7.5413425412991519e-001  3.3529210947626543e-003  2.5076824828894595e+000  6.7427865248804575e-001  4.8858202126793128e-002  1.2322793288570716e-001
  2.2942927723964597e+000  4.1446849959949669e-002  3.2447630765381184e+001  8.0999664473304844e-001  4.4396066908826415e-002  2.8615865891902601e-003  2.6330278207013169e+000  2.9364616530794585e-002  2.6951990058691937e+001  5.8459275004043576e-001  7.5500858369303614e-001  3.4094713159310078e-003  2.4790708504626164e+000  6.4702005614897784e-001  5.2946991577653320e-002  1.2427790400125251e-001
  2.2959129706887342e+000  4.1702782965365649e-002  3.2583256366018752e+001  8.1490721178350167e-001  4.4556677382564580e-002  2.8601736806693439e-003  2.6041982657434666e+000  2.9343526362040961e-002  2.6665685943390113e+001  5.8416681453436503e-001  7.5498394453625861e-001  3.3678428231122721e-003  2.4762517178729322e+000  6.4336771899735967e-001  5.3494842150396044e-002  1.2292424701634501e-001
  2.2904188441845146e+000  4.1221427712749975e-002  3.2320862285932243e+001  8.0565002002066388e-001  4.4227910376411668e-002  2.8592447995710486e-003  2.6651002118663154e+000  2.9378864270190430e-002  2.7262381022867704e+001  5.8488050128269720e-001  7.5509253139794197e-001  3.4558771092032189e-003  2.4799715253269228e+000  6.4875719326447867e-001  5.2686421010328201e-002  1.2577474442683653e-001
  2.2760151881533202e+000  4.0235454080492353e-002  3.1783955331259243e+001  7.8664204877214838e-001  4.3511889055439755e-002  2.8528630822413263e-003  2.8080470606627230e+000  2.9448238198262811e-002  2.8650459692420920e+001  5.8628165302046398e-001  7.5545075996189281e-001  3.6626963930360620e-003  2.4851162327719618e+000  6.5837113613026610e-001  5.1244329580460081e-002  1.3279415087097468e-001
  2.2707126926667254e+000  4.1499112032618329e-002  3.2408318819653452e+001  8.1079953129395321e-001  4.4160692818950416e-002  2.8263797553056509e-003  2.6852043041436051e+000  2.9315426285145607e-002  2.7391349370031325e+001  5.8359932099588008e-001  7.5555869623340377e-001  3.4858968686534708e-003  2.4633496940022646e+000  6.3174574612554757e-001  5.5238138081167870e-002  1.2697005513898157e-001
  2.2516858791491963e+000  4.2463050462695079e-002  3.2888880100084933e+001  8.2905258617175692e-001  4.4493223138262698e-002  2.7853550867371181e-003  2.5999254753929986e+000  2.9215508879491425e-002  2.6500433600426707e+001  5.8158157007427214e-001  7.5574525134922432e-001  3.3634368706880226e-003  2.4426025869711223e+000  6.0519848334988857e-001  5.9220227497516709e-002  1.2378282017071394e-001
  2.2521824073287950e+000  4.2496848176403618e-002  3.2911470669878391e+001  8.2970049495077858e-001  4.4513150434999503e-002  2.7856098578757636e-003  2.5965044338602912e+000  2.9213487573229058e-002  2.6466738056630390e+001  5.8154075345598777e-001  7.5573961362055020e-001  3.3584836853174406e-003  2.4423229511673754e+000  6.0497768465526736e-001  5.9253347301709891e-002  1.2377812609775118e-001
  2.6953152747700813e+000  1.0844805732244803e-001  9.6923977666967374e+001  2.1054094028694239e+000  6.8957851085607355e-002  2.5343394512974474e-003  3.9782191429496550e-001  2.7378333769222829e-002  4.9504748764687152e+000  5.4451622125154664e-001  7.5348144133450323e-001  2.8497239499787781e-004  2.4848273179246023e+000  1.6396634275564468e+000  6.9861896296946571e-002  3.2996291060324590e-002
  2.5080400638652045e+000  4.3942755338342292e-002  3.4538280924258778e+001  8.5945056094299688e-001  4.8078424814668862e-002  3.1588293209981588e-003  1.8063433973125171e+000  2.9649917247857926e-002  1.9045599625484567e+001  5.9035551998839075e-001  7.5366172758587657e-001  2.2986366210001885e-003  2.6126852174061876e+000  7.2286209908924670e-001  4.1570685136612995e-002  8.9269749000680576e-002
  1.4068403332023172e+000  2.7012367787633697e-002  2.5185208704581736e+001  5.2814393616558619e-001  2.8913805961471369e-002  1.7478736934095423e-003  2.8213529998512996e+000  2.8323305167492707e-002  2.7954438481968445e+001  5.6357292371535017e-001  7.5820680886384473e-001  3.7175567272967509e-003  2.2598931422754882e+000  8.6107944358172828e-001  2.0838083462740763e-002  5.0809347498058832e-001
