  1.4802745147055518e+000  5.1312749921797747e-002  4.9805722224215955e+001  9.9879364679808824e-001  3.6841407975949807e-002  1.5606858320985964e-003  1.4892491637407304e+000  2.7736378919958948e-002  1.5344546861803066e+001  5.5173465328954663e-001  7.5477516380772480e-001  1.7725452406511452e-003  2.1741354859673940e+000  0.0000000000000000e+000  1.5004498483674683e-001  1.5842514881959505e-001
  1.1586873488938385e+000  2.9923860750026843e-002  3.4176179700669536e+001  5.8486140261161901e-001  2.5743557856366339e-002  1.3684181982567556e-003  2.6266966164891574e+000  2.7935883539392137e-002  2.6041384237697791e+001  5.5575789235220263e-001  7.5839710964914275e-001  3.4596570658009355e-003  2.1032216632186591e+000  0.0000000000000000e+000  2.6398428889940539e-001  4.6137641468311663e-001
  1.4786567796860814e+000  5.1347264792379756e-002  5.0005556156188419e+001  9.9948211636099416e-001  3.6813889793238429e-002  1.5572429041591745e-003  1.4781164769548241e+000  2.7725846868536186e-002  1.5238337595452808e+001  5.5152228411538573e-001  7.5474105572355976e-001  1.7563601156411271e-003  2.1742982253730196e+000  0.0000000000000000e+000  1.5047760404877253e-001  1.5866660177072439e-001
  1.3672432023072512e+000  2.9120082262255941e-002  2.6584488350401852e+001  5.6880360212134073e-001  2.8839117617900978e-002  1.6857182908311462e-003  3.0893075397321645e+000  2.8501125392586424e-002  3.0436706889204370e+001  5.6716088200074388e-001  7.5946016027679841e-001  4.1173611974346692e-003  2.2214688405209069e+000  0.0000000000000000e+000  1.5000012425500467e-001  2.1046278568400889e-001
  1.1597383362950644e+000  2.8590132737364823e-002  3.2358137666614560e+001  5.5889969013307172e-001  2.5364370296304384e-002  1.3872178096255585e-003  2.7703076816000571e+000  2.8008356078034868e-002  2.7470996888451410e+001  5.5721957743104866e-001  7.5881571792755897e-001  3.6698769931344209e-003  2.1077617414478862e+000  0.0000000000000000e+000  2.6540961833089632e-001  4.6548842276316638e-001
  1.3304099215250087e+000  2.3576423274459812e-002  2.2346401733786344e+001  4.6141538157815876e-001  2.5980741148229822e-002  1.7000546164782681e-003  3.8865675047248995e+000  2.8771106104161337e-002  3.8275142303144825e+001  5.7260958968439013e-001  7.6194362717008313e-001  5.2894525478490023e-003  2.2174238847137526e+000  0.0000000000000000e+000  1.5407523069605719e-001  2.7269756404169854e-001
  1.4323307316797302e+000  4.6974992947374040e-002  4.5148952743277597e+001  9.1451394926912521e-001  3.5119563180048073e-002  1.5513335533624845e-003  1.6931651936427041e+000  2.7834108687927461e-002  1.7242201310182494e+001  5.5370538837642691e-001  7.5540507586007033e-001  2.0715882384676094e-003  2.1768469585376198e+000  0.0000000000000000e+000  1.5571979415531292e-001  1.7292111240305463e-001
  1.2398469048957008e+000  2.5428532810283590e-002  2.5661203168730168e+001  4.9720696522781099e-001  2.5722044340298407e-002  1.5415736741593508e-003  3.2458804368026239e+000  2.8376600566135446e-002  3.2002113862194200e+001  5.6464822372713463e-001  7.6010576575241107e-001  4.3573340834768375e-003  2.1029727301089580e+000  0.0000000000000000e+000  2.0750116797948709e-001  3.8543393670037779e-001
  1.1812888858377473e+000  2.8551457161575360e-002  3.1157473425202983e+001  5.5795674132604689e-001  2.5843775386146992e-002  1.4173558541947775e-003  2.7635873097960886e+000  2.8055780673809094e-002  2.7339756189466613e+001  5.5817613101475594e-001  7.5876545464350476e-001  3.6569721989956373e-003  2.1011225106678713e+000  0.0000000000000000e+000  2.4484294149724223e-001  4.3523460562682142e-001
  1.2274220589642575e+000  3.4101892163294491e-002  3.6034756728137204e+001  6.6556938721934333e-001  2.8266634963205091e-002  1.4153254073751653e-003  2.3150026176297320e+000  2.7913537083546380e-002  2.2838179167518103e+001  5.5530721164934604e-001  7.5740843648767764e-001  2.9952414337588058e-003  2.0767663073085081e+000  0.0000000000000000e+000  2.1360370402131815e-001  3.1301180064129935e-001
  1.3597213339161915e+000  4.1838723575053187e-002  4.0407775829487072e+001  8.1514893861209003e-001  3.2565627166735840e-002  1.5160300527080209e-003  1.9942368581905736e+000  2.7938322241731317e-002  2.0011599624938899e+001  5.5580707640815596e-001  7.5636853649333169e-001  2.5159352933332366e-003  2.1727021988148709e+000  0.0000000000000000e+000  1.7137002446799979e-001  2.0627835321218610e-001
  1.2432165396320209e+000  2.4384367612065798e-002  2.4549567787154238e+001  4.7696008586258026e-001  2.5306883285323649e-002  1.5604306923204839e-003  3.4386475049280847e+000  2.8462751058476510e-002  3.3945594426292736e+001  5.6638653338789524e-001  7.6068502276837946e-001  4.6399868499314711e-003  2.1094215385785491e+000  0.0000000000000000e+000  2.0989390251644821e-001  3.9151984215764651e-001
  1.1956792299809853e+000  3.0959879188088575e-002  3.3372647687026678e+001  6.0475512311258695e-001  2.6739277115022698e-002  1.4105505344962836e-003  2.5846711027918925e+000  2.7995819986713633e-002  2.5545826011090224e+001  5.5696673197862445e-001  7.5823975258523035e-001  3.3941258948896325e-003  2.0937716375713413e+000  0.0000000000000000e+000  2.3774123104421516e-001  3.6420374045959775e-001
  1.3258045698495051e+000  3.7303260462516419e-002  3.5870384635675997e+001  7.2719012888359591e-001  3.0821697595648487e-002  1.5259189670632409e-003  2.2747627287240775e+000  2.8061709399100465e-002  2.2612204774209310e+001  5.5829571644280840e-001  7.5720804726644997e-001  2.9284877529024526e-003  2.1755937711991593e+000  0.0000000000000000e+000  1.7991159459730652e-001  2.2262472525002924e-001
  1.3816106330363327e+000  4.4180228583519610e-002  4.2811013976513422e+001  8.6058909440906306e-001  3.3499768142570288e-002  1.5162332367591365e-003  1.8627960365433331e+000  2.7879544091244712e-002  1.8795695914110254e+001  5.5462166375161814e-001  7.5596688546848467e-001  2.3225273614088937e-003  2.1720905277189484e+000  0.0000000000000000e+000  1.6653145851122525e-001  1.9693551806502743e-001
  1.4509353573136046e+000  4.7899169404357574e-002  4.6260407408823717e+001  9.3227830838005465e-001  3.5699229231237806e-002  1.5636941568017732e-003  1.5969833344401785e+000  2.7793934789817287e-002  1.6349903393632086e+001  5.5289525315311394e-001  7.5508145401920113e-001  1.9300062793838231e-003  2.1801295230395801e+000  0.0000000000000000e+000  1.5247708304242408e-001  1.6430553769344511e-001
  1.1915985384292451e+000  2.9071810290716052e-002  3.1304727110813712e+001  5.6801398357658617e-001  2.6195553730694196e-002  1.4260127355132566e-003  2.7220750054337675e+000  2.8057355640278558e-002  2.6899327954949417e+001  5.5820789882846711e-001  7.5863180336494007e-001  3.5949809968841735e-003  2.0973124206428886e+000  0.0000000000000000e+000  2.3683381831592693e-001  4.0324181268171405e-001
  1.3372850437929229e+000  4.2837601348102779e-002  4.2978598560404876e+001  8.3484556773184926e-001  3.2343774803280365e-002  1.4657576264952787e-003  1.8724555759257520e+000  2.7817164058278943e-002  1.8836962036715025e+001  5.5336368400879721e-001  7.5602863187468072e-001  2.3394720970164110e-003  2.1681032739891593e+000  0.0000000000000000e+000  1.7722632198245541e-001  2.1807435444442336e-001
  1.3438568526784938e+000  4.0150687277885400e-002  3.8783455597273239e+001  7.8241500777997253e-001  3.1873609715252021e-002  1.5150398673306137e-003  2.0884822619174965e+000  2.7975935254836326e-002  2.0880598135236543e+001  5.5656567517257116e-001  7.5665453271354166e-001  2.6547470148558204e-003  2.1732612060977128e+000  0.0000000000000000e+000  1.7519042502082194e-001  2.1311870820024301e-001
  1.1747602812277660e+000  3.1110308088949747e-002  3.4744109772874367e+001  6.0783169329630748e-001  2.6388191915113358e-002  1.3770816241019683e-003  2.5354961960089355e+000  2.7925477000096732e-002  2.5101727666940324e+001  5.5554801326824865e-001  7.5811711066333953e-001  3.3243951013375919e-003  2.0966929972533479e+000  0.0000000000000000e+000  2.5126772912604306e-001  4.1117098869724344e-001
  1.2921967933379412e+000  3.3075565826052096e-002  3.1815711460181294e+001  6.4541253171720570e-001  2.8934642414495143e-002  1.5328349657064255e-003  2.6418089592719340e+000  2.8208534424056131e-002  2.6035368829206682e+001  5.6125747247478230e-001  7.5833208475426561e-001  3.4695258750253727e-003  2.0809605635643176e+000  0.0000000000000000e+000  1.9704892867934018e-001  2.5118234984883719e-001
  1.3460879762457121e+000  3.9958446540130185e-002  3.8543265250464053e+001  7.7863166285484287e-001  3.1890179655786305e-002  1.5202408279684594e-003  2.0887322401535346e+000  2.7980124685009322e-002  2.0885993013081947e+001  5.5665017149206619e-001  7.5664482666681965e-001  2.6547211927461407e-003  2.1758147449529326e+000  0.0000000000000000e+000  1.7373076146162642e-001  2.1029533874260589e-001
  1.2877653140938379e+000  3.5716667325540213e-002  3.4952863067695624e+001  6.9674187848058500e-001  2.9584880770507010e-002  1.4931075021731273e-003  2.4180356604611450e+000  2.8081623967397551e-002  2.3904444846321745e+001  5.5869740854191718e-001  7.5769766731141919e-001  3.1426339218894768e-003  2.0759560283213823e+000  0.0000000000000000e+000  1.9993852915610547e-001  2.5810710023752154e-001
  1.4239686289602298e+000  3.9053474482705325e-002  3.4923156127866946e+001  7.6054692410549896e-001  3.3069211051013750e-002  1.6511251487822565e-003  2.2970827621419136e+000  2.8226958481831099e-002  2.2947248390533797e+001  5.6162915263969815e-001  7.5718016499346497e-001  2.9539544465665563e-003  2.1897648115051602e+000  0.0000000000000000e+000  1.5557092465893096e-001  1.8713655546624086e-001
  1.1605232985929730e+000  3.1664178805514559e-002  3.6484087489588333e+001  6.1873683836964510e-001  2.6261208438954430e-002  1.3482774933887898e-003  2.4606252042158037e+000  2.7853707507213610e-002  2.4384038282471099e+001  5.5410062399634796e-001  7.5791130013705610e-001  3.2163014304362331e-003  2.0973222696271927e+000  0.0000000000000000e+000  2.6046879894648933e-001  4.5359403100856444e-001
  1.2719437978578971e+000  3.5178650827622587e-002  3.4992593072649775e+001  6.8637194259165180e-001  2.9173817728842942e-002  1.4752473099123346e-003  2.4171584772261880e+000  2.8052081173707721e-002  2.3869910270226370e+001  5.5810151055085555e-001  7.5770229372726539e-001  3.1425424708525773e-003  2.0775517610097372e+000  0.0000000000000000e+000  2.0460503287986156e-001  2.6633414511680920e-001
  1.3193081588891300e+000  3.6888504756265761e-002  3.5597726738611570e+001  7.1917663951476996e-001  3.0594900819221352e-002  1.5214609117231127e-003  2.2956261558610063e+000  2.8063190627437784e-002  2.2799701804114740e+001  5.5832559368529289e-001  7.5727412763678525e-001  2.9595152145784620e-003  2.1747946474677042e+000  0.0000000000000000e+000  1.8178527705380554e-001  2.2608958452798783e-001
  1.1638328130249276e+000  3.0486205310625489e-002  3.4587216309255837e+001  5.9578477055711232e-001  2.5982901919278035e-002  1.3693295906971254e-003  2.5876458926565657e+000  2.7927076916579363e-002  2.5646506967817082e+001  5.5558028024556272e-001  7.5828077908930869e-001  3.4020965371069356e-003  2.1011214401664917e+000  0.0000000000000000e+000  2.6072600523974343e-001  4.3998812461409881e-001
  1.2754467787914188e+000  2.6255158963584668e-002  2.5583511094279618e+001  5.1326641532636597e-001  2.6466020574819157e-002  1.5861135743480811e-003  3.2661882901563040e+000  2.8446448641369582e-002  3.2133545904539048e+001  5.6605757866307371e-001  7.6013066876753188e-001  4.3843364950206763e-003  2.0977310152766568e+000  0.0000000000000000e+000  1.9101757613178419e-001  2.9119796241705576e-001
  1.3636290941407552e+000  4.1882681197782233e-002  4.0335300379939525e+001  8.1596093694299354e-001  3.2657402937553558e-002  1.5212277315955138e-003  1.9927212014389166e+000  2.7943678673904015e-002  2.0002012352560307e+001  5.5591510601651528e-001  7.5635853811864306e-001  2.5133846478308415e-003  2.1736907843558280e+000  0.0000000000000000e+000  1.7019163293905931e-001  2.0403247440725145e-001
  1.2000333171420066e+000  3.2004503162547882e-002  3.4555349897421699e+001  6.2500334361032683e-001  2.7158223326502549e-002  1.4023708074120968e-003  2.4722073860360840e+000  2.7946709256481572e-002  2.4403551171880316e+001  5.5597622766876320e-001  7.5790154415844657e-001  3.2285642936617960e-003  2.0883229468558673e+000  0.0000000000000000e+000  2.3156469715067526e-001  3.5841836845999836e-001
  1.3778190836682944e+000  4.2286297561306127e-002  4.0776812078917054e+001  8.2359452808582478e-001  3.3097751476219038e-002  1.5336209787040064e-003  1.9095888130736967e+000  2.7912650457110777e-002  1.9235552369102169e+001  5.5528933047336970e-001  7.5606980994020334e-001  2.3901798983079654e-003  2.1805208375824190e+000  0.0000000000000000e+000  1.6457303029040726e-001  1.9165041228575949e-001
  1.2315242878432275e+000  3.3437085522181810e-002  3.4944962079544133e+001  6.5261914900764784e-001  2.8158612241282448e-002  1.4305999225275256e-003  2.3825421483680422e+000  2.7959119502026120e-002  2.3484067551558077e+001  5.5622652291400421e-001  7.5760083870594064e-001  3.0937664248643568e-003  2.0783089259809504e+000  0.0000000000000000e+000  2.1213526682758599e-001  3.0620277691300141e-001
  1.4642125601387890e+000  5.0096513185647104e-002  4.8880581824608790e+001  9.7513427219211446e-001  3.6328960341268646e-002  1.5524948507648288e-003  1.5076571010246127e+000  2.7735650329442363e-002  1.5510954780602269e+001  5.5171996185878491e-001  7.5482620577681170e-001  1.7996957552937655e-003  2.1762632499786960e+000  0.0000000000000000e+000  1.5209884499930912e-001  1.6174181725387662e-001
  1.4267345813018915e+000  4.8729465586204133e-002  4.8560161882122124e+001  9.4883551862840732e-001  3.5334207608156372e-002  1.5134970102562528e-003  1.5296597072273919e+000  2.7701589443177355e-002  1.5692821294971568e+001  5.5103316362096244e-001  7.5491793802486429e-001  1.8333282950079612e-003  2.1754955251318289e+000  0.0000000000000000e+000  1.5854950462711787e-001  1.7557698670596650e-001
  1.1705930802031761e+000  3.0497733690679717e-002  3.4173833706009646e+001  5.9594377768166706e-001  2.6131943890059173e-002  1.3789115106153942e-003  2.5901906186379371e+000  2.7944358168465078e-002  2.5655729783966869e+001  5.5592881024060858e-001  7.5828078908036944e-001  3.4049708138533426e-003  2.0994672102387062e+000  0.0000000000000000e+000  2.5510738858118387e-001  4.2273365952219366e-001
  1.4032817884620343e+000  4.5017282287182603e-002  4.3070342082400302e+001  8.7669177378627128e-001  3.4108472261898400e-002  1.5379421117425148e-003  1.8414393504934896e+000  2.7896728374517288e-002  1.8615816816869831e+001  5.5496822203178375e-001  7.5588782786435271e-001  2.2900325449234510e-003  2.1732687158086037e+000  0.0000000000000000e+000  1.6174704861139064e-001  1.8895736451053702e-001
  1.2235634638214590e+000  2.8025441371654004e-002  2.8751853453319587e+001  5.4763866433568531e-001  2.6300415134497556e-002  1.4891076574560125e-003  2.9482520290460954e+000  2.8224513851904165e-002  2.9104010557374330e+001  5.6157983519150712e-001  7.5926974800492852e-001  3.9237732859189328e-003  2.0994609729769977e+000  0.0000000000000000e+000  2.2374455703075971e-001  3.3218368985465729e-001
  1.4636384897151804e+000  4.8944157114774754e-002  4.7307746130001391e+001  9.5255656866977945e-001  3.6140286029825282e-002  1.5679905599842666e-003  1.5505721533032357e+000  2.7774575589930572e-002  1.5919347144948713e+001  5.5250487242709845e-001  7.5493752872583975e-001  1.8618979891960041e-003  2.1793299224864140e+000  0.0000000000000000e+000  1.5099391148716809e-001  1.6042965881804949e-001
  1.2122736109229653e+000  3.6986252725185263e-002  4.0860877808299882e+001  7.2204566548364091e-001  2.8536585846055500e-002  1.3560905401872232e-003  2.1222763399677493e+000  2.7761123504755014e-002  2.0984371287496405e+001  5.5223361374989288e-001  7.5688517954777401e-001  2.7160378906893115e-003  2.0764740930369210e+000  0.0000000000000000e+000  2.2698909429087635e-001  3.4069364143182318e-001
  1.4716101750879871e+000  5.1109948639400167e-002  4.9866287090577785e+001  9.9494138142187638e-001  3.6623480887476530e-002  1.5502332701627243e-003  1.4927705641934335e+000  2.7726630213703807e-002  1.5372089027015974e+001  5.5153807947857381e-001  7.5479367621092830e-001  1.7780621012577595e-003  2.1736475071250827e+000  0.0000000000000000e+000  1.5160913073532742e-001  1.6144715496711542e-001
  1.3048994250512422e+000  3.3258122041549279e-002  3.1584142731880721e+001  6.4890704491979234e-001  2.9190649448068370e-002  1.5501515159597305e-003  2.6617342435197902e+000  2.8241852717948879e-002  2.6244210201285284e+001  5.6192962834904314e-001  7.5838262798845912e-001  3.4977154466381589e-003  2.0801568376894135e+000  0.0000000000000000e+000  1.9345042985802072e-001  2.4536859450759024e-001
  1.2189646285797016e+000  3.2420746267318529e-002  3.4214034144505867e+001  6.3294168550450147e-001  2.7656075759360920e-002  1.4246785681320037e-003  2.4488807841951168e+000  2.7971886429671411e-002  2.4112818693920378e+001  5.5648401503271572e-001  7.5780695706251333e-001  3.1921054259724871e-003  2.0828647726318303e+000  0.0000000000000000e+000  2.1868882877004114e-001  3.2687247410974274e-001
  1.3887042280122759e+000  4.4757593298242894e-002  4.3264841546623579e+001  8.7179971725607275e-001  3.3749404048947523e-002  1.5194180049155185e-003  1.8456200427954439e+000  2.7876854758518643e-002  1.8640371387856913e+001  5.5456742805847803e-001  7.5591601045012236e-001  2.2971450871970243e-003  2.1712347547114330e+000  0.0000000000000000e+000  1.6532775309324643e-001  1.9535799159147316e-001
  1.2753090114433754e+000  2.6624022129175830e-002  2.5941053008469815e+001  5.2041185998130779e-001  2.6612710447440190e-002  1.5813305253599013e-003  3.2117819644010019e+000  2.8423531973220673e-002  3.1585398688304675e+001  5.6559516855065084e-001  7.5996808384554237e-001  4.3045585080243552e-003  2.0959424799561890e+000  0.0000000000000000e+000  1.9089449401832123e-001  2.8785758425777314e-001
  1.4278835831943544e+000  3.8954088456362820e-002  3.4691143160925634e+001  7.5860564265563390e-001  3.3107396366971534e-002  1.6584590666426659e-003  2.3155782001154339e+000  2.8243863012886283e-002  2.3126859355948547e+001  5.6197018429013568e-001  7.5723269818011629e-001  2.9807578396049902e-003  2.1901991498223703e+000  0.0000000000000000e+000  1.5494842304594811e-001  1.8727767315727004e-001
  1.2589205551069751e+000  2.7441069761711300e-002  2.7173580470431389e+001  5.3622615553685138e-001  2.6728509175939955e-002  1.5460872331270227e-003  3.0394704858273816e+000  2.8322343083370116e-002  2.9886774314804377e+001  5.6355351300067369e-001  7.5947279066589823e-001  4.0531733208320278e-003  2.0928938588995636e+000  0.0000000000000000e+000  1.9738805576008284e-001  3.0402850917041163e-001
  1.1716128483197654e+000  3.0756079969587308e-002  3.4454711799419258e+001  6.0096717955687473e-001  2.6221499272457524e-002  1.3771643221342561e-003  2.5679332390283953e+000  2.7935137726722292e-002  2.5432681031910739e+001  5.5574285073163843e-001  7.5821531558478894e-001  3.3722978738403991e-003  2.0985679874173901e+000  0.0000000000000000e+000  2.5426307783191238e-001  4.1883497411880155e-001
  1.4535181762137388e+000  4.8333206474387928e-002  4.6736896460215412e+001  9.4074364295458712e-001  3.5823377180240701e-002  1.5617016139916151e-003  1.5833089308589940e+000  2.7785197120062444e-002  1.6221735561359949e+001  5.5271905602162086e-001  7.5504455736124376e-001  1.9100682104056625e-003  2.1791469041913269e+000  0.0000000000000000e+000  1.5239427456327104e-001  1.6397343700086159e-001
  1.3020991581944337e+000  3.5546623226289799e-002  3.4453982481383179e+001  6.9326410615514023e-001  2.9879947839102063e-002  1.5143954548170406e-003  2.4051492452954992e+000  2.8097814787521713e-002  2.3807686525173644e+001  5.5902399552230797e-001  7.5762145814024129e-001  3.1216321027555775e-003  2.1653643099096476e+000  0.0000000000000000e+000  1.8961469371842363e-001  2.3939146159000310e-001
