  7.7721277371311750e+000  6.0083399460044618e+000 -6.0784816044476724e+000  2.0242551724577522e+000 -2.6554153501175666e+000  5.0378020269038082e+000  1.6316609183533195e+001  2.7903865592560746e+000  2.1515748017725560e+000  1.0000000000000000e+000                      Inf
 -1.6648996849368323e+000  5.1371365149679207e+000 -9.0831971606414168e+000  1.9129349168398866e+000 -2.2029912189948346e+000  3.4330006794368342e+000  1.8404709979074575e+001  1.2005395185673786e+000  8.1721320774502648e-001  1.0000000000000000e+000                      Inf
  3.9489911015474117e+000  5.8042506773509395e+000 -6.6271949860561357e+000 -2.8503305231222393e+000 -1.2005612451950594e+000  4.4793686272586353e+000  1.6796059376090653e+001  2.2825397002945178e+000  1.7079670502041955e+000  1.0000000000000000e+000  5.4354194779542775e-001
  3.5836692862059039e-003  5.7602799731631098e+000 -9.8239696972739914e+000 -1.6119453016751022e+000 -3.6033500729253758e+000  4.3785807463734576e+000  1.6868149345984229e+001  2.1815670508281326e+000  1.6205994753208066e+000  1.0000000000000000e+000  4.9497675410459296e-001
  7.7953696160627892e+000  5.5624775472229144e+000 -5.9590137258891795e+000  2.0434339312893033e+000 -2.6638663917157888e+000  4.8578527442279373e+000  1.7184344876391055e+001  1.7882481133027046e+000  2.2937372351757070e+000  1.0000000000000000e+000  8.6216386423523872e-001
 -2.7586833872291963e+000 -2.8181735899044411e+000 -5.5540132730816865e+000 -1.5904444251609415e+000 -2.3585255882671747e+000  4.2029117774803364e+000  7.5290815526178193e+001  8.6372342921944367e-001  3.1711455988704862e+000  1.0000000000000000e+000                      Inf
 -2.7906698805331431e+000 -2.5934898221958775e+000 -5.5456147463810934e+000 -1.6288585737072705e+000 -2.3592988664625367e+000  6.8854331795804447e+000  7.2854579374568885e+001  1.1321530745972057e+000  5.8536394182481155e+000  1.0000000000000000e+000  1.7966314543136819e+000
 -3.0000000000000000e+000 -2.8838110521879887e+000 -5.5531485552175113e+000 -1.6350837933330040e+000 -2.3720638386605923e+000  7.3642541167777349e+000  4.7784332698867026e+001  1.1821259967620075e+000  6.3321450991925357e+000  1.0000000000000000e+000                      Inf
 -3.0000000000000000e+000 -3.2075161763682094e+000 -5.5560651075122767e+000 -1.7473075963865894e+000 -2.3389095985004422e+000  7.3642542164044604e+000  4.7784335130524248e+001  1.1821260518187660e+000  6.3321450664801411e+000  1.0000000000000000e+000                      Inf
  1.1012760949491360e+000  5.1149668699388151e+000 -7.9340126671230973e+000 -1.7674208329366676e+000 -1.6085895708650684e+000  3.6178309857675930e+000  1.9924087184043071e+001  1.2427207245738292e+000  8.6696666344765416e-001  2.0000000000000000e+000                      Inf
  8.6270851184254731e+000  6.1654647359773822e+000 -8.2369743789025076e+000 -1.3989087588458284e+000 -2.9590161384309503e+000  6.3619523654793433e+000  1.7608573194550633e+001  3.6224538468525336e+000  2.9158906377804188e+000  2.0000000000000000e+000                      Inf
  3.7976699447619997e+000  5.8224130340420217e+000 -6.6290190383207657e+000 -2.8631723862146288e+000 -1.1239582110331710e+000  6.2550666904312537e+000  1.8520020602357864e+001  2.5034273716532014e+000  3.4693876825406131e+000  2.0000000000000000e+000  4.7391178720281918e-001
  7.7773581883284661e+000  6.0091175984873919e+000 -6.0178859697453273e+000  2.2422700834522806e+000 -2.6553246019267167e+000  6.6890057431569794e+000  1.7545305755691349e+001  2.8351243227247132e+000  3.9808218116824454e+000  2.0000000000000000e+000                      Inf
  7.8177976174773187e+000  5.7757861882577783e+000 -5.9055888885342460e+000  2.2460256565211854e+000 -2.7796469862083537e+000  6.4606008202648342e+000  1.7715547897903651e+001  2.2080349743327012e+000  4.0599649619623630e+000  2.0000000000000000e+000  4.3506086183622744e-001
  7.6168293427566098e+000  5.6152216913318753e+000 -5.7185648493027896e+000  2.0577216072169295e+000 -2.7490208621168257e+000  6.0448494588297663e+000  1.8080898250907147e+001  1.9616970496817603e+000  3.5295283029400069e+000  2.0000000000000000e+000  9.1062878497989397e-001
  7.6391546219314606e+000  5.6086303673449276e+000 -5.7269281219437653e+000  2.3661558907051159e+000 -2.7502746103225348e+000  6.8864931437877237e+000  1.7577706444964385e+001  1.8758138958570028e+000  4.6901119549064534e+000  2.0000000000000000e+000  6.6426140001503176e-001
 -2.7799035957873883e+000 -3.0932114056722799e+000 -5.5560113808264573e+000 -1.5722761350768333e+000 -2.3575853178988639e+000  6.8998644519479377e+000  7.4549724302871212e+001  1.1335336320335698e+000  5.8680804523706316e+000  2.0000000000000000e+000                      Inf
 -2.9242548600014424e+000 -3.0815089176655888e+000 -5.5272893353226209e+000 -1.5234870951410577e+000 -2.3626055043552801e+000  7.5400982586777223e+000  5.5804171087810076e+001  1.1987180544756519e+000  6.5081367439241102e+000  2.0000000000000000e+000                      Inf
  7.4537785393579341e+000  6.0294923024749068e+000 -6.0444914729646930e+000  2.0371095424783547e+000 -2.5823181546032998e+000  7.2900294441779447e+000  1.8470096279919041e+001  3.0722474758589895e+000  4.3764874489519023e+000  3.0000000000000000e+000                      Inf
  8.2602232623177798e+000  5.8492452973360081e+000 -6.0301722838408098e+000  2.0835414139236947e+000 -2.6485839386604098e+000  7.5293075168640700e+000  1.9137311602285429e+001  2.5737570430181544e+000  4.9115598212504210e+000  3.0000000000000000e+000  8.6547439148696836e-001
  7.6160976371186839e+000  5.6161337752170626e+000 -5.7091770281345431e+000  2.0578335600140987e+000 -2.7540632033956545e+000  7.2010155307711248e+000  1.9228075051431070e+001  2.0778075710116126e+000  4.6873695019667627e+000  3.0000000000000000e+000  6.0493482418841427e-001
 -2.0196431697867241e+000  5.1231627981021557e+000 -9.0093380473197247e+000  1.9342527995031951e+000 -2.1950451902904833e+000  5.5154234756610148e+000  2.0405930119537071e+001  1.3847279090902174e+000  2.9426734330273923e+000  3.0000000000000000e+000                      Inf
 -2.5370774466471278e+000  5.1376231319714005e+000 -9.1300529216825783e+000  1.9605979275254541e+000 -2.2132628890329582e+000  5.9871943970631190e+000  2.0205829268197274e+001  1.4211837814640558e+000  3.4881147565147592e+000  3.0000000000000000e+000  1.1725205540199908e+000
 -2.7652118663388894e+000 -2.7611093295368043e+000 -5.3540427915329003e+000 -1.5677851890298151e+000 -2.3547080041157611e+000  6.9190005070973424e+000  7.6931107746892735e+001  1.1353663603103044e+000  5.8872291697038364e+000  3.0000000000000000e+000                      Inf
  7.6297405002328560e+000  5.6032143010594613e+000 -5.7173243356288239e+000  2.3692416067581719e+000 -2.7512357401871239e+000  7.7248148428714334e+000  1.8391214706579760e+001  1.9495886055743297e+000  5.5331321771099606e+000  3.0000000000000000e+000                      Inf
 -2.8618759995483996e+000 -2.9124974820826708e+000 -5.5525333753841206e+000 -1.6703025555091005e+000 -2.3509299183092205e+000  7.6643729685326161e+000  6.3515146301847246e+001  1.2105495008317555e+000  6.6325014050984059e+000  3.0000000000000000e+000  9.2772076554282634e-001
 -3.0000000000000000e+000 -2.8862676446859927e+000 -5.5532065002442748e+000 -1.6324905530495626e+000 -2.3720026938504364e+000  8.2051380806870569e+000  4.8625216638820895e+001  1.2662143927337723e+000  7.1730290645209820e+000  3.0000000000000000e+000                      Inf
  7.4557173922535611e+000  5.6151622425142147e+000 -5.6014833019605232e+000  1.9505139185833162e+000 -2.7508762348475027e+000  7.3268853589350096e+000  1.9480829539203519e+001  2.1070112277326145e+000  4.7739078195422948e+000  4.0000000000000000e+000                      Inf
 -1.7603242299482686e+000  5.1349584482421946e+000 -9.3098539292991340e+000  1.9096293371419168e+000 -2.2264205980989860e+000  5.6611936525128277e+000  2.0643420646098914e+001  1.4204977520783251e+000  3.0488387924755980e+000  4.0000000000000000e+000                      Inf
  7.6426056630498476e+000  5.6107990835855874e+000 -5.7202765139687672e+000  2.3664470707268754e+000 -2.7491608027890515e+000  7.8043675350408144e+000  1.8488699462596554e+001  1.9697932193405383e+000  5.6094933041567341e+000  4.0000000000000000e+000                      Inf
 -2.7359822305535362e+000 -2.8984121297239791e+000 -5.6315971905331867e+000 -1.4363514835058584e+000 -2.3576707017166387e+000  6.9552325110359075e+000  8.1913156969647645e+001  1.1388440139138578e+000  5.9234847181961419e+000  4.0000000000000000e+000                      Inf
 -2.7467099339087087e+000 -2.6513023968137319e+000 -5.5577424057765885e+000 -1.8428690423112930e+000 -2.3623490976369785e+000  7.8528266723181162e+000  8.0956575418950834e+001  1.2286548703910656e+000  6.8210693479354143e+000  4.0000000000000000e+000  9.0368040168877228e-001
 -2.8783942445518176e+000 -2.7786955918297700e+000 -5.5673855060942765e+000 -1.6805008036501610e+000 -2.3291144020284111e+000  8.5123776390300137e+000  6.2245682596835039e+001  1.2954917751644148e+000  7.4804848296419921e+000  4.0000000000000000e+000  1.1569325520286633e+000
 -3.0000000000000000e+000 -2.4827405139928485e+000 -5.3504798961223630e+000 -1.6361696098436427e+000 -2.3603771071350499e+000  9.0460207054232527e+000  4.9466097217901535e+001  1.3503018933317741e+000  8.0139131098756931e+000  4.0000000000000000e+000                      Inf
 -3.0000000000000000e+000 -3.3509285488701979e+000 -5.5494539510486893e+000 -1.7345759157729792e+000 -2.3405790151048662e+000  9.0460221695961636e+000  4.9466103265085088e+001  1.3503028510850696e+000  8.0139130082244865e+000  4.0000000000000000e+000  4.0772295498677469e-001
 -2.0177482146131376e+000  4.7575866028200551e+000 -9.0093317007962899e+000  1.9132193168016007e+000 -2.1938660513567014e+000  9.1461573354298764e+000  2.8637784049813689e+001  1.4181316065307694e+000  7.0586389541196768e+000  4.0000000000000000e+000                      Inf
  7.9021493582326752e+000  6.0093972445917982e+000 -6.0213164914855994e+000  2.3446711156410158e+000 -2.6941090222631563e+000  8.1920829059184506e+000  1.8722740426660579e+001  2.8956764169810141e+000  5.6157332874389212e+000  5.0000000000000000e+000                      Inf
  4.0725416897013051e+000  5.8092180286594743e+000 -6.6431009657919304e+000 -2.9032009784775785e+000 -1.1664168020604684e+000  7.8685183693303946e+000  2.0172936717346101e+001  2.6334539828217078e+000  5.0929561207533505e+000  5.0000000000000000e+000  1.1119247417442018e+000
  1.0905953210614472e+000  5.0795022826939329e+000 -7.9817838460250510e+000 -1.8082929675224417e+000 -1.6403087543447277e+000  5.9038464261006958e+000  2.2685030325315292e+001  1.4344855910441892e+000  3.1815458706330775e+000  5.0000000000000000e+000  4.0334363822706454e-001
  1.1067978059986443e+000  5.0782620323403229e+000 -7.9216025341664507e+000 -1.7562437329876470e+000 -1.5995727947282823e+000  5.8984180674852551e+000  2.2696898278145330e+001  1.4326567295561583e+000  3.1772232635523188e+000  5.0000000000000000e+000  7.7697994536514914e-001
 -1.7999068995162812e+000  5.1414050427003488e+000 -9.0687702238740862e+000  1.8902027232279710e+000 -2.2464244515663521e+000  5.7157592838516198e+000  2.0703351513082218e+001  1.4353028476735730e+000  3.0891644767413329e+000  5.0000000000000000e+000                      Inf
  7.2178894013510266e+000  5.5913700324816560e+000 -6.0542491131927054e+000  2.1353839926894329e+000 -2.5877778461402858e+000  8.1281215036513448e+000  2.0149411477922499e+001  2.1259404194944453e+000  5.6337831608774493e+000  5.0000000000000000e+000  4.7212245866994207e-001
 -2.6362886126002447e+000 -2.9477125877525614e+000 -5.5518715863728847e+000 -1.7802329285727387e+000 -2.3586774805699209e+000  7.0622080482649991e+000  1.0164278765851965e+002  1.1491699595486879e+000  6.0305172281314912e+000  5.0000000000000000e+000                      Inf
  7.6983560943727145e+000  5.6304218289995704e+000 -5.8571733559074746e+000  2.3743924697543113e+000 -2.8169222327210268e+000  7.9941566184066239e+000  1.8690802155780602e+001  2.0186172246314471e+000  5.7965910208373783e+000  5.0000000000000000e+000                      Inf
 -2.6206775049285831e+000  5.1228940943931223e+000 -9.0987182913168159e+000  1.9618275579446609e+000 -2.2044815512489961e+000  6.4760158160823194e+000  2.0663956698076827e+001  1.4484477947447216e+000  4.0134917811309867e+000  5.0000000000000000e+000  1.1396653360160613e+000
  7.4358901098916856e+000  5.5945292156545650e+000 -5.7168516735218491e+000  2.3811251279500634e+000 -2.7282855155089125e+000  8.4441073632600805e+000  1.9029250645863073e+001  2.0016430085674228e+000  6.2675035627584101e+000  5.0000000000000000e+000  8.6505091575646909e-001
 -2.7923908430650721e+000 -3.0579364638352073e+000 -5.5518437486240089e+000 -1.9263186104583743e+000 -2.3348993423213016e+000  8.6846307995290672e+000  7.4389006796773259e+001  1.3120833665511662e+000  7.6528347097934599e+000  5.0000000000000000e+000                      Inf
  7.7846686626066131e+000  6.0089083344836594e+000 -6.0179297933112315e+000  2.2514128680956107e+000 -2.6557535161038093e+000  8.6064655962190084e+000  1.9438753144403567e+001  3.0192209232787941e+000  5.9089899191337993e+000  6.0000000000000000e+000                      Inf
  1.1475099995218319e+000  5.0808430092020300e+000 -7.9394055143102191e+000 -1.5505236283166908e+000 -1.5514990499025390e+000  5.9095926418032088e+000  2.2671955469117865e+001  1.4364380113902486e+000  3.1861407323802906e+000  6.0000000000000000e+000                      Inf
  7.6375381431846607e+000  5.6025704077407097e+000 -5.7298962046412019e+000  2.3686102479121187e+000 -2.7427634216433616e+000  8.6344260161393613e+000  1.9312923880090199e+001  2.0410538909416731e+000  6.4402397826483773e+000  6.0000000000000000e+000                      Inf
