  5.6692702562232338e+000  4.7145450448928781e+000 -4.5741771653930474e+000  9.2471657558970399e-001 -4.2184394569822370e-001  5.2776905348699987e-001  2.8442700345136300e+000  2.3566662699895481e+001  7.3859484727398805e-001  8.6208716539026575e-001  1.0000000000000000e+000                      Inf
 -1.1520981017534810e+000  5.3197748596274046e+000 -9.6871995913799136e+000  4.0648133670029996e-001 -3.4089066057090829e+000 -9.7328523749769946e-001  3.8609956375292054e+000  1.8150553191940098e+001  1.4869457415523244e+000  1.0423847580725698e+000  1.0000000000000000e+000  1.1188846528397949e+000
 -2.8642575264886503e+000  5.5754835971227710e+000 -8.9071109252186051e+000  1.7092429364232853e-001  1.8602752637755327e-001 -2.3339797610976705e+000  3.8731162760905828e+000  1.6365672638610462e+001  1.7513876327843452e+000  1.2293759438360035e+000  1.0000000000000000e+000                      Inf
 -1.9292690763417384e+000  4.5389605745571568e+000 -3.4157704175534853e+000 -1.0292862028547844e-002 -3.0673566372043162e+000 -1.1095802025731647e+000  2.7661418268216735e+000  3.8457184108670496e+001  6.6618004656030516e-001  1.0643089986461369e+000  1.0000000000000000e+000                      Inf
 -2.5821212712280088e+000  4.4604495989227582e+000 -3.4266993911270780e+000 -2.7758519263126245e-002 -3.0839368338184254e+000 -1.1110304624221892e+000  3.3322121143955528e+000  3.6601143048956594e+001  6.6729150556354622e-001  1.9852736438593996e+000  1.0000000000000000e+000                      Inf
  5.6387817968824354e+000  5.0111807468656870e+000 -4.6287595074431200e+000  9.3055544961120340e-001 -4.0299085638395477e-001  3.0624782443077658e-001  3.7189433892394432e+000  1.9706624232532420e+001  1.0478093593602664e+000  1.3609233116162491e+000  1.0000000000000000e+000  9.7110971483652098e-001
  5.4209577367905144e+000  4.9283901818475773e+000 -4.5357652828160946e+000  9.1457853370625952e-001 -2.1166480651050112e-001  4.9412508908894898e-001  3.6097966069918526e+000  2.0241465971555169e+001  9.5028269756332395e-001  1.4034836137767159e+000  1.0000000000000000e+000  1.3095197379461290e+000
 -2.7498289443606798e+000  4.5801896449468744e+000 -3.3197304858496981e+000  4.3712059064165060e-002 -2.8472996565889308e+000 -1.1269979756352340e+000  3.2598450381426733e+000  3.3872719240787568e+001  7.0991132202679841e-001  1.9230732284245782e+000  1.0000000000000000e+000  1.6144975279717266e+000
  5.0530490410371893e+000  4.4201659027597611e+000 -2.9202846425527635e+000 -4.8153303299619701e+000 -4.4059238276288610e+000 -3.3779958688392320e+000  2.8107565468174176e+000  7.9617746040748216e+001  7.4456357409505602e-001  1.0846593315606108e+000  2.0000000000000000e+000                      Inf
 -1.1252552678989547e+000  5.2736343932218999e+000 -9.7246746626687148e+000  4.0485588631392394e-001 -3.3631932161362004e+000 -9.2842165938095900e-001  4.7719700080435477e+000  1.9413787577743935e+001  1.5270617999459875e+000  1.9561209441829905e+000  2.0000000000000000e+000  7.5868449124493875e-001
 -2.8575252895884562e+000  5.5610688123741587e+000 -8.7511198817071740e+000  1.7108334283285231e-001  2.5175016770392750e-001 -2.6328154952993073e+000  5.0313893842407857e+000  1.7565145977368324e+001  1.8468584209031180e+000  2.3849314882758281e+000  2.0000000000000000e+000  4.0236379422499913e-001
 -1.9111695902803916e+000  4.5444307053769633e+000 -3.4126568553495238e+000 -1.2942367148742528e-002 -3.0568514704382554e+000 -9.1345417784361094e-001  3.5905006309183105e+000  3.9182273934108437e+001  7.5133159621099388e-001  1.8830271660796962e+000  2.0000000000000000e+000  6.1471029848837011e-001
 -2.8660309919968507e+000  5.5752812458183358e+000 -8.9347719271028279e+000  1.7336835468347905e-001  1.0397203753753191e-001 -2.3344159732760783e+000  5.0643076968913938e+000  1.7555217453789034e+001  1.8700227588734741e+000  2.4209781880541970e+000  2.0000000000000000e+000  1.4496253312022417e-001
 -2.8863641860399460e+000  5.6095894350984485e+000 -8.3318981397618987e+000  2.6661462282681725e-001  1.3582570153198786e-001 -2.2074913431103558e+000  5.1499015406267361e+000  1.7542318697479253e+001  1.9286872362531622e+000  2.5128629979436790e+000  2.0000000000000000e+000                      Inf
 -1.9548353383358956e+000  4.4794193940921616e+000 -3.4445743670426645e+000 -8.5355769231087054e-003 -3.1387601415839486e+000 -1.1043901471904134e+000  3.6352678572064523e+000  4.1211872820463761e+001  7.2798040620373516e-001  1.9813484941932318e+000  2.0000000000000000e+000                      Inf
 -2.4588482388846038e+000  4.5689296024756363e+000 -3.3421463405676879e+000  6.2302607914407580e-002 -2.8338895719513033e+000 -1.1369035622728476e+000  4.2330464268441101e+000  3.7942971011414492e+001  8.1192622395729619e-001  2.6977863040040426e+000  2.0000000000000000e+000  2.0852701830490813e-001
 -2.7621347009162567e+000  4.5765969787889711e+000 -3.3166764526568864e+000  4.4503924700784757e-002 -2.8401898187369237e+000 -1.1258698630805222e+000  4.0457704123537681e+000  3.4646731942067284e+001  7.8798232649881428e-001  2.7215510253809141e+000  2.0000000000000000e+000  4.2228220273451783e-001
  5.6250331078178366e+000  4.9847234787577817e+000 -4.6629195236640717e+000  9.1156767534176697e-001 -3.8589153362495693e-001  2.7159475382612774e-001  4.3940932336685057e+000  2.0978473158039716e+001  1.1018891752842446e+000  2.0342582707551875e+000  2.0000000000000000e+000  2.1228084243802695e-001
  5.5918484551831877e+000  5.0171626848413231e+000 -4.6363930449662352e+000  9.2152852667637297e-001 -3.6997887508910293e-001  3.0188083556071510e-001  4.3605213751456153e+000  2.0277201697848785e+001  1.1179911189774550e+000  1.9941188406074577e+000  2.0000000000000000e+000  4.2841773550614476e-001
  5.3373552249739147e+000  4.7142103498014025e+000 -4.5593618265047153e+000  9.7566717265399450e-001 -3.2649084404848605e-001  4.8757546039666722e-001  4.2866688691633428e+000  2.5391418742717828e+001  8.8468968524342595e-001  2.2929950777860015e+000  2.0000000000000000e+000  3.0115967860407683e-001
  5.4213226763209130e+000  4.9326122478736663e+000 -4.5855097927655111e+000  9.3421259532486611e-001 -2.8549092432373868e-001  5.3409518819498958e-001  4.9054030183662132e+000  2.1402469940600952e+001  1.0862658497846833e+000  2.6885896769534439e+000  2.0000000000000000e+000  8.5285069341404535e-002
 -3.0000000000000000e+000  4.5799247897989410e+000 -3.3201656099381678e+000 -1.0915599172696430e-001 -2.8930451007953186e+000 -1.2065218276453851e+000  4.6011334170142266e+000  3.0808617215830004e+001  8.5250204741073898e-001  3.4507561396489410e+000  2.0000000000000000e+000  7.2377760703935312e-001
  5.2315524962208952e+000  4.9332277806868312e+000 -4.5282499872012565e+000  9.4200281922623286e-001 -2.1823028831940389e-001  4.9349141161312127e-001  4.8986524228760100e+000  2.1425809927003588e+001  1.0813954339738410e+000  2.6916278615278824e+000  2.0000000000000000e+000  8.0864608467529811e-002
  5.5138793156303914e+000  4.7275715840487926e+000 -4.5620300093443280e+000  9.3820558528935538e-001 -4.6093512338721243e-001  5.7705007185924773e-001  4.9113048742214502e+000  2.4758786525498536e+001  9.4703792500027650e-001  2.9410018534925721e+000  2.0000000000000000e+000  2.5239240592196777e-001
  5.3181027086788450e+000  4.7145421636827871e+000 -4.3293464809637934e+000  9.6406530715472460e-001 -3.7824394239861359e-001  5.4614984530697486e-001  4.8565293805514482e+000  2.4749584448521080e+001  9.1646827397120334e-001  2.9562907529511233e+000  2.0000000000000000e+000  2.5605436876518628e-001
  5.4455680954159016e+000  4.7642126362482546e+000 -4.3802728854359234e+000  9.5946657624763421e-001 -4.4201515149898041e-001  5.9983027467655592e-001  6.1496566138322475e+000  2.4571423898763406e+001  1.0715774372486631e+000  4.2087582471286646e+000  2.0000000000000000e+000                      Inf
 -2.8249089808690231e+000  5.8842887795179628e+000 -8.9004736270086404e+000  1.8976260806841153e-001  2.2425674029622175e-001 -2.3247638070321104e+000  6.5114050153374157e+000  1.8393686092573510e+001  2.6567992881160385e+000  3.7049925119739675e+000  3.0000000000000000e+000                      Inf
 -1.9274956108335377e+000  4.5391629258615929e+000 -3.3881094156692630e+000 -1.2736923069698388e-002 -2.9853011483642948e+000 -1.1091439903947573e+000  3.5930501700081039e+000  4.0166208315000262e+001  7.5407447521065274e-001  1.8872362829028830e+000  3.0000000000000000e+000                      Inf
 -1.8904584428127280e+000  4.5417382294832818e+000 -3.4449009485744342e+000 -2.8723145254034958e-002 -3.1387549954526284e+000 -1.0993709469835977e+000  4.4100731666234108e+000  3.9246470547662057e+001  8.2729796988713122e-001  2.7054406353742455e+000  3.0000000000000000e+000  8.4413858427003285e-001
  5.4470079595429501e+000  5.0183979339326381e+000 -4.6921573000769783e+000  9.2653126092443605e-001 -4.1831777452285901e-001  2.0059397230953413e-001  4.4114894393465018e+000  2.0575598359179715e+001  1.1363888349883222e+000  2.0061306622692046e+000  3.0000000000000000e+000  1.0399097761908482e+000
 -3.0000000000000000e+000  5.5579224324144976e+000 -8.7497972167707729e+000  1.7344315968959170e-001  2.5100022578783648e-001 -2.6474019257593051e+000  6.0665325078737524e+000  1.8403907459004831e+001  1.9281463926272644e+000  3.4623023823304035e+000  3.0000000000000000e+000  1.1347834659514051e+000
  5.2264388171324283e+000  4.7190376939651424e+000 -4.5552881804597192e+000  9.2593088101857457e-001 -2.4640445269514730e-001  5.4135168459294203e-001  4.9486352019697595e+000  2.5378822433661160e+001  9.4888161129209325e-001  2.9723433289365735e+000  3.0000000000000000e+000  1.8038525060253013e-001
 -2.5690116819019093e+000  4.6033609316056108e+000 -3.3221699969251759e+000  5.1031299215476195e-002 -2.9206268692025708e+000 -9.8672701159986553e-001  4.9729494969420607e+000  3.7268742227964637e+001  8.9329569815152521e-001  3.4886920647433377e+000  3.0000000000000000e+000  3.6258258273502875e-001
 -2.7714573526645014e+000  4.4508200855087727e+000 -3.4165866393370958e+000 -3.2522800987022510e-002 -3.0871895926422508e+000 -1.2532682530407395e+000  4.7872524182339955e+000  3.5315103612248095e+001  8.1127904806501605e-001  3.5958607486998231e+000  3.0000000000000000e+000  3.6415642526263819e-001
 -2.8690564951841306e+000  4.5789772825711879e+000 -3.3146795961580131e+000  4.5583529958602431e-004 -2.8965162697858742e+000 -1.1268007225301064e+000  4.7417424780625712e+000  3.3590681446481639e+001  8.5930916666553414e-001  3.4991287421527177e+000  3.0000000000000000e+000  3.2352740838389243e-001
  5.2581799956248787e+000  4.7154538300573048e+000 -4.5094351134848623e+000  9.9691764358167578e-001 -2.9229289262321290e-001  5.2604175314136081e-001  4.9471134051886025e+000  2.5503548018838906e+001  9.4426823207039789e-001  2.9810826486976914e+000  3.0000000000000000e+000  4.7933265637506461e-001
 -3.0000000000000000e+000  4.5895764883872898e+000 -3.3357488157021979e+000 -1.5808175765823335e-001 -3.0026103143362248e+000 -1.1782383398603684e+000  5.3422037978416608e+000  3.1003849662146646e+001  9.2518540844452080e-001  4.1842669809993769e+000  3.0000000000000000e+000  7.4477569293450108e-001
  5.4697041550161609e+000  4.9306536766196887e+000 -4.4755232038289874e+000  8.9070245456079866e-001 -2.1293519423900170e-001  4.7601317866973375e-001  5.5229919971643042e+000  2.2024036942858235e+001  1.1352526510705507e+000  3.3375593804992496e+000  3.0000000000000000e+000  5.3684104783260111e-001
 -2.7736168092632263e+000  4.5832087053855410e+000 -3.4208882342186038e+000  4.4290367860963686e-002 -2.8833605328688936e+000 -1.1228377090187571e+000  5.5275927863121632e+000  3.2808634656914194e+001  9.1963873342057312e-001  4.2003744081898917e+000  3.0000000000000000e+000  3.3845645716681294e-001
  5.4704072233758545e+000  4.7102012264051911e+000 -3.9325141922618156e+000  9.6418964325247725e-001 -3.8078078438878166e-001  5.8060791022260372e-001  6.0091790728757664e+000  2.4789077847672026e+001  9.8816860340340806e-001  4.2707612533630970e+000  3.0000000000000000e+000                      Inf
 -1.8767450216276571e+000  4.4612896031724496e+000 -3.0760890257935163e+000 -1.1312827884010137e-002 -3.0714610192537344e+000 -1.0442465791799032e+000  3.6420564104400581e+000  6.0328715275754334e+001  7.9587849798413335e-001  1.9564700210492130e+000  4.0000000000000000e+000                      Inf
 -2.9544244752657192e+000  5.5552578202241394e+000 -8.8040668316655477e+000  1.8575149387785880e-001  2.7896406649681427e-001 -2.6628012013115057e+000  6.0999680416511524e+000  1.8514848914174284e+001  1.9337966449779707e+000  3.4806681865794515e+000  4.0000000000000000e+000                      Inf
 -1.1535700928576127e+000  5.3304691812546539e+000 -9.6771888389473482e+000  3.9561609388161562e-001 -3.5215124959118436e+000 -9.4890138155527037e-001  6.8961695952611350e+000  2.1110952234468890e+001  1.8024061333991293e+000  4.0778709485810651e+000  4.0000000000000000e+000                      Inf
  5.4560049515356335e+000  4.7860579848272229e+000 -4.3964724161585158e+000  9.6744913342408823e-001 -4.5478635337353357e-001  6.4296030925109338e-001  6.7288588909700451e+000  2.4306275844474929e+001  1.1381409438801851e+000  4.7852691437967261e+000  4.0000000000000000e+000                      Inf
 -1.8779702138509513e+000  4.5485517424651807e+000 -3.2865738297110747e+000 -1.7763163790329519e-002 -3.2401930599380671e+000 -1.1115006683162616e+000  4.4502205396625518e+000  4.4709252657635709e+001  8.6235143502287726e-001  2.7300389418583548e+000  4.0000000000000000e+000  1.3190190581174244e+000
 -1.0914195023527071e+000  5.2677510506043710e+000 -9.7632943208213909e+000  4.0932392651096805e-001 -3.3746837774866654e+000 -9.0281079729546798e-001  6.6605449013516829e+000  2.1352226000685548e+001  1.7095502967602869e+000  3.8453531877899225e+000  4.0000000000000000e+000  9.2531063426591609e-001
  5.7442606586412879e+000  4.9859358411334682e+000 -4.6679704133557580e+000  9.5482389910634602e-001 -3.3667492042801350e-001  2.7139750072100016e-001  5.0455018101974760e+000  2.1618015053036441e+001  1.1686342699762031e+000  2.6827103608019165e+000  4.0000000000000000e+000  9.6720514209773611e-001
 -3.0000000000000000e+000  4.5799326105821958e+000 -3.3191286516046299e+000 -1.1139304675010020e-001 -2.8940994574060275e+000 -1.2130264140059475e+000  5.3621766920491574e+000  3.1599325080100449e+001  9.2880629074637167e-001  4.2119096444657638e+000  4.0000000000000000e+000  9.3340466984248549e-001
  5.6628268754415867e+000  4.7145474907298155e+000 -4.5745016441394144e+000  9.2242337250294171e-001 -4.2310981808228826e-001  5.2863502653253258e-001  4.9686168233523613e+000  2.5682463373904497e+001  9.5098317220260542e-001  2.9867152786425781e+000  4.0000000000000000e+000  7.2603650634515082e-001
  5.4004606464168967e+000  4.7397493680590674e+000 -4.4998537963285816e+000  9.3993683337195566e-001 -4.5854274763101405e-001  5.8473109221429076e-001  6.2566501885673418e+000  2.5628867845855112e+001  1.0823858718748014e+000  4.2941011032562209e+000  4.0000000000000000e+000  5.7233977705214967e-001
