  2.1359217523453049e+000  3.4106680113384101e-002  2.8125905184851248e+001  6.6776001905715554e-001  3.9208420295169515e-002  2.7444092225148223e-003  3.3176185086540499e+000  3.0128794969094708e-002  3.3842188441457424e+001  6.0003192874214228e-001  7.5585853905142308e-001  4.3948590497379821e-003  2.3731577473667280e+000  7.0834828216832513e-001  4.3747757674751239e-002  1.5373888322194068e-001
  2.8625710343995587e+000  7.1737994366684557e-002  5.2800610413468270e+001  1.3871032812393598e+000  6.5800936285212788e-002  3.3207988884537973e-003  6.8350365131690083e-001  2.8385989748172857e-002  8.0593325136095384e+000  5.6483766776032951e-001  7.5475249163543046e-001  7.6675003755584392e-004  2.5336561670348154e+000  9.9842460312964665e-001  5.8301801716456970e-002  4.3960154942923123e-002
  2.6803809541464818e+000  8.4410833236168964e-002  6.7027688394536042e+001  1.6321141005899351e+000  6.6573678789999355e-002  2.8967095159830830e-003  4.3562483616135772e-001  2.7746825921203477e-002  5.9618912308621246e+000  5.5194530965477639e-001  7.5415261096509045e-001  4.3819639322774037e-004  2.5609954702402065e+000  1.1927353219441010e+000  6.5906816796875128e-002  3.6640621891902335e-002
  1.9432850664223915e+000  2.9822065763904799e-002  2.5503149207674809e+001  5.8389437052037696e-001  3.4319383135085708e-002  2.5197607856389413e-003  4.8787923558356390e+000  2.9361461886848961e-002  4.8135521546184215e+001  5.8452903852692195e-001  7.6582436804968823e-001  6.7348019102226701e-003  2.3218820902067940e+000  8.2285676039928179e-001  2.6571485940107720e-002  2.4145223824685505e-001
  1.7133573732763487e+000  2.5806093028111227e-002  2.2529024926571953e+001  5.0540603145162588e-001  3.0716624190343319e-002  2.2233299496857740e-003  4.4937611432726907e+000  2.9003784678932165e-002  4.4340308344211984e+001  5.7730661894778379e-001  7.6445915173203460e-001  6.1750049367232801e-003  2.3270453603942194e+000  8.0942737055960190e-001  2.8585894416059715e-002  3.6641890274019584e-001
  2.4423984081477861e+000  4.7152326604488225e-002  3.5839241721642416e+001  9.2015486125110069e-001  4.9253413969998043e-002  2.9990135816515863e-003  1.7985630908571100e+000  2.9092410507559174e-002  1.8947717423424372e+001  5.7909596766337756e-001  7.5374267437798781e-001  2.2088346214378003e-003  2.4832699966517611e+000  6.3827249054582857e-001  5.4259126418125712e-002  8.4378330524591941e-002
  2.3135790561446150e+000  4.1991999187783402e-002  3.2629764414766946e+001  8.2066094247860022e-001  4.5242257149451959e-002  2.8842099043287625e-003  2.3039028878491585e+000  2.9370693116331115e-002  2.3885028868030219e+001  5.8471547393706658e-001  7.5336750146814713e-001  2.9356629514407685e-003  2.5011516218204739e+000  6.4810877542361878e-001  5.2783683686457188e-002  1.0726606292947838e-001
  1.6728245873866283e+000  2.8165590925891892e-002  2.3802238862546442e+001  5.5120927695119393e-001  3.1975217287905630e-002  2.1250905142616129e-003  3.3241023325403578e+000  2.8768420311414244e-002  3.3011301392712696e+001  5.7255537840071824e-001  7.5943074474913141e-001  4.4412159503738509e-003  2.2971935064684761e+000  7.9351022537802240e-001  3.0973466193296648e-002  3.3605277766853342e-001
  1.8954637749884031e+000  3.3403537194633681e-002  2.7584625670369849e+001  6.5303429691215453e-001  3.6056917733003832e-002  2.3986575889624437e-003  3.5324287695732952e+000  2.9111313786496895e-002  3.5137193339820527e+001  5.7947764336265806e-001  7.5988101635959748e-001  4.7383459156116539e-003  2.2901732446562661e+000  9.1529277182901447e-001  1.2706084225647833e-002  1.6936655973159620e-001
  2.8616614453732985e+000  6.9012961372758405e-002  5.0579515709650558e+001  1.3360309436789624e+000  6.4689583467073639e-002  3.3489139297277551e-003  7.4032839310202192e-001  2.8445128442181389e-002  8.5354323621225969e+000  5.6603093954342221e-001  7.5480608154798601e-001  8.4384021868804532e-004  2.5472506650925335e+000  9.5515428133512481e-001  5.7131499351575632e-002  4.5812381512740835e-002
  2.6834591691593075e+000  8.3397418217958874e-002  6.5810912952998308e+001  1.6120653993949701e+000  6.6456409855136955e-002  2.9156409187343305e-003  4.4526762110599982e-001  2.7780548536075145e-002  6.0388365662512404e+000  5.5262531686082639e-001  7.5418086695471265e-001  4.5069115360855776e-004  2.5644433280101744e+000  1.1739651075407393e+000  6.5715043778134599e-002  3.7001273194349482e-002
  1.9457012271268996e+000  2.9974030457838651e-002  2.5589746595263062e+001  5.8685165583185273e-001  3.4427839889069355e-002  2.5212025128723845e-003  4.8390684914515543e+000  2.9363321100991824e-002  4.7709247419429872e+001  5.8456658738330169e-001  7.6562718664923912e-001  6.6747812026954692e-003  2.3208489702214998e+000  8.2239970189570544e-001  2.6640044715644177e-002  2.3822776228828532e-001
  2.6799989823689998e+000  8.4383921928835232e-002  6.7001300832989656e+001  1.6315918874212347e+000  6.6562433919871114e-002  2.8964832721377039e-003  4.3569122719091880e-001  2.7746963084282816e-002  5.9621703695268220e+000  5.5194807546515889e-001  7.5415252449893799e-001  4.3828324097403351e-004  2.5610386085118106e+000  1.1921543572611968e+000  6.5915629524005689e-002  3.6669473531803574e-002
  2.6729495734264002e+000  8.6870321904980369e-002  7.0046644810384080e+001  1.6809920395331286e+000  6.6808951255481683e-002  2.8493249500335239e-003  4.1366465206890801e-001  2.7668773679926373e-002  5.7861132803623727e+000  5.5037149337264424e-001  7.5408266898774212e-001  4.0987661909187845e-004  2.5523658964059832e+000  1.2384759836001682e+000  6.6377408389944076e-002  3.5911030743342461e-002
  1.9337891986160307e+000  2.8483278360739762e-002  2.4863034781444885e+001  5.5783254034469298e-001  3.3369243789662106e-002  2.5265251855734073e-003  5.4817688247396585e+000  2.9361277736377644e-002  5.4841059854522150e+001  5.8452531941109775e-001  7.6863180318068636e-001  7.6460347493186830e-003  2.3331157212350964e+000  8.5073932929521090e-001  2.5309795592092021e-002  2.7986983560280992e-001
  1.7963275061564328e+000  2.9032018709854581e-002  2.4341955619782855e+001  5.6825433188852836e-001  3.3206906682682717e-002  2.3024673633628618e-003  3.8996862525346661e+000  2.9053292239097583e-002  3.8590622959727682e+001  5.7830615381031159e-001  7.6157709654857064e-001  5.2840184235486733e-003  2.3065613959381479e+000  8.1223964022922590e-001  2.8164053965616109e-002  2.6106738331636486e-001
  1.6656070081337284e+000  2.8102190828086463e-002  2.3785323098554105e+001  5.4996598607681024e-001  3.1889424961869826e-002  2.1149905576829868e-003  3.2989047864936900e+000  2.8752563882989524e-002  3.2765509407322099e+001  5.7223532779603836e-001  7.5934604033685005e-001  4.4044947745371030e-003  2.2968646123518317e+000  7.9338780140667997e-001  3.0991829788998004e-002  3.4138762116087390e-001
  2.4450944144623388e+000  4.6458369867680101e-002  3.5474040938829326e+001  9.0698929336362788e-001  4.8901248032908448e-002  3.0133153066025926e-003  1.8255126190420228e+000  2.9146081776592725e-002  1.9235276399118089e+001  5.8017966141027166e-001  7.5375295012183208e-001  2.2497284308068341e-003  2.4957077320133036e+000  6.4966627306872238e-001  5.2550059039691642e-002  8.5259451549020385e-002
  2.4494805813962732e+000  4.7503171542439486e-002  3.6053408445173808e+001  9.2688703960252072e-001  4.9515047773115418e-002  3.0045233791153865e-003  1.7676593687746411e+000  2.9074329177038782e-002  1.8644484772025784e+001  5.7873089446720449e-001  7.5376572196604452e-001  2.1643577344262442e-003  2.4814936367961002e+000  6.3701359791644729e-001  5.4447960312532913e-002  8.3078046858115706e-002
  2.1468256354128670e+000  3.4256051708721140e-002  2.8273523218568588e+001  6.7070536186837837e-001  3.9334586727232994e-002  2.7582254989454310e-003  3.3516635264387595e+000  3.0135838403524184e-002  3.4165467331099819e+001  6.0017428497628345e-001  7.5597301894932201e-001  4.4438629485383137e-003  2.3697023287711434e+000  7.1328107791682516e-001  4.3007838312476225e-002  1.5315184403552617e-001
  2.3223772115020509e+000  4.2369951185368140e-002  3.2830015587124720e+001  8.2796326909826712e-001  4.5593975795170355e-002  2.8923887387169991e-003  2.2108464975793343e+000  2.9345770054503229e-002  2.2994634192630407e+001  5.8421212756845620e-001  7.5331353392017308e-001  2.8025705507274332e-003  2.5027896530122722e+000  6.4575645171604057e-001  5.3136532242593924e-002  1.0556387008928145e-001
  1.5614395245341943e+000  2.8039688363839823e-002  2.4488881271416425e+001  5.4853265816273578e-001  3.1027349156872601e-002  1.9583847819291274e-003  2.8017556105383310e+000  2.8474960322383280e-002  2.7942139766489007e+001  5.6663289873935518e-001  7.5770975127138818e-001  3.6794103201070148e-003  2.2864899313277358e+000  7.5992347312000796e-001  3.6011479031998798e-002  4.1106224716890916e-001
  2.3139940780975614e+000  4.2110398339556002e-002  3.2692113706659669e+001  8.2292959949599609e-001  4.5307738250977128e-002  2.8829573857731407e-003  2.2993923988462299e+000  2.9358333334336573e-002  2.3834996754016530e+001  5.8446585415151198e-001  7.5341365990773368e-001  2.9290023263807800e-003  2.4990926960778115e+000  6.4616458619461226e-001  5.3075312070808157e-002  1.0696951674943352e-001
  2.1249470711553600e+000  3.4142438375194512e-002  2.8050841993728955e+001  6.6840214469366754e-001  3.9191637319549902e-002  2.7270868671560671e-003  3.2590183182965262e+000  3.0065774303423387e-002  3.3263201102709367e+001  5.9875824902876040e-001  7.5579112883415123e-001  4.3108359368451352e-003  2.3661364600536960e+000  6.9658945076652246e-001  4.5511582385021634e-002  1.5464405042648247e-001
  2.0706534284556022e+000  3.2578981194076290e-002  2.7122229602839415e+001  6.3788067876161869e-001  3.7628599994194427e-002  2.6685357376053879e-003  3.8632634907549104e+000  3.0023719396206294e-002  3.8938868608323723e+001  5.9790834130937576e-001  7.5905057839721590e-001  5.1893027487788165e-003  2.3682427093080722e+000  6.9646898802396140e-001  4.5529651796405779e-002  1.7041480085527769e-001
  2.0989100140584434e+000  3.4049910554343900e-002  2.7865944250834637e+001  6.6650277727128271e-001  3.8835875430864183e-002  2.6874038704502389e-003  3.4569286421174574e+000  2.9898407376323544e-002  3.5046977361889468e+001  5.9537605655478210e-001  7.5733909252633258e-001  4.5994720635415126e-003  2.3394341009935062e+000  6.7512443329563399e-001  4.8731335005654901e-002  1.5801164735486056e-001
  2.8382118438936521e+000  1.1806520946836724e-001  1.0686581994663858e+002  2.2894799709716622e+000  7.2633258349342159e-002  2.6023964262230424e-003  3.2867010668731034e-001  2.7291482908953446e-002  4.7829441237444064e+000  5.4276562830988517e-001  7.5356936527436313e-001  2.4527853750901107e-004  2.4784583157536626e+000  1.8365965857218818e+000  6.7932507787467053e-002  3.1799340530204029e-002
  1.9392588572622134e+000  3.0069720607088429e-002  2.5595467977405182e+001  5.8869534393606371e-001  3.4464268753931188e-002  2.5096768260692119e-003  4.7376908570001905e+000  2.9347102931640334e-002  4.6711600760156770e+001  5.8423904605799137e-001  7.6515542965082650e-001  6.5229961286466555e-003  2.3190452642543957e+000  8.2689565637294526e-001  2.5965651544058211e-002  2.3344497015699242e-001
  1.9536977463037171e+000  2.9705993138140641e-002  2.5519825039881123e+001  5.8166042785516192e-001  3.4279766413883278e-002  2.5378944936229543e-003  5.0338703963303946e+000  2.9382866272398944e-002  4.9889008018303805e+001  5.8496132753051278e-001  7.6655334541379572e-001  6.9682580671586447e-003  2.3245243840236416e+000  8.1879180677323105e-001  2.7181228984015347e-002  2.4906521505455237e-001
  2.4839851042732204e+000  4.8367569271319098e-002  3.6639700299085739e+001  9.4363840148099398e-001  5.0317719190834775e-002  3.0434720717090738e-003  1.6684499109722069e+000  2.9043784222183122e-002  1.7688618487888601e+001  5.7811418759231259e-001  7.5388253195915045e-001  2.0235221065873291e-003  2.4845938095834121e+000  6.4250144502442708e-001  5.3624783246335933e-002  7.8626327195923509e-002
  2.6438877222690347e+000  8.2024879912573720e-002  6.4746514263028672e+001  1.5858819140667926e+000  6.5520192570000343e-002  2.8725109073196252e-003  4.4148134346926327e-001  2.7757984448271600e-002  5.9836094658924051e+000  5.5217031579827491e-001  7.5413937331788183e-001  4.4590516770837488e-004  2.5644143781883773e+000  1.1408815952015727e+000  6.6750047829782985e-002  3.9657596725685258e-002
  2.1306257064680509e+000  3.4072795050008653e-002  2.8074727721084045e+001  6.6708066174192227e-001  3.9150940977478954e-002  2.7367223800015602e-003  3.3240709971449505e+000  3.0103681000921201e-002  3.3893464366943519e+001  5.9952435333026166e-001  7.5598272786287868e-001  4.4043979500704572e-003  2.3700768079357251e+000  7.0450237387542725e-001  4.4324643918685923e-002  1.5433383343486440e-001
  1.7560687023012762e+000  2.9209493789335263e-002  2.4350730714322104e+001  5.7160761868744669e-001  3.3095998179720872e-002  2.2378926279978612e-003  3.5654814192174644e+000  2.8935548012682499e-002  3.5372347643325021e+001  5.7592903086840153e-001  7.6024024413765767e-001  4.7926289446406332e-003  2.2992131096295836e+000  8.0422019866019623e-001  2.9366970200970555e-002  2.7181127010255285e-001
  1.6168348454485324e+000  2.5238149092515337e-002  2.2227614534638935e+001  4.9423729078646977e-001  2.9795041444861566e-002  2.0835601600371146e-003  3.9698210940916283e+000  2.8802763691183397e-002  3.9167668776328668e+001  5.7324859173623288e-001  7.6232059839176647e-001  5.4007532372221563e-003  2.3210855564008726e+000  7.9260439319636566e-001  3.1109341020545151e-002  4.2544317591436054e-001
  1.6170358767536026e+000  2.7945866765100295e-002  2.3922181826641317e+001  5.4683850653463728e-001  3.1446082084950928e-002  2.0434076907006379e-003  3.0752324028997950e+000  2.8629312317911326e-002  3.0594310419676138e+001  5.6974775178586157e-001  7.5858745350851620e-001  4.0780739767829616e-003  2.2925983745684047e+000  7.8117665032724215e-001  3.2823502450913686e-002  3.7442214084374936e-001
  2.1229255311233741e+000  3.3804289060035415e-002  2.7929407881132402e+001  6.6184944466387508e-001  3.8885783548566692e-002  2.7289941652252308e-003  3.4358770565826884e+000  3.0104398422905243e-002  3.4951176323900597e+001  5.9953885288861386e-001  7.5655606115377305e-001  4.5660431129287173e-003  2.3714841009686487e+000  7.0604696851630711e-001  4.4092954722553930e-002  1.5689477463246312e-001
  1.5664303312876395e+000  2.7991304436788312e-002  2.4395773877335035e+001  5.4760806178911869e-001  3.1046776506703178e-002  1.9665288036854762e-003  2.8335951479631500e+000  2.8491433216559114e-002  2.8249213043292080e+001  5.6696530264054701e-001  7.5781341088482235e-001  3.7258756573063621e-003  2.2873790220474608e+000  7.5515469331080420e-001  3.6726796003379365e-002  4.0849351444535603e-001
  2.2962927619710669e+000  4.1577161210950432e-002  3.2369948132292890e+001  8.1258272755122707e-001  4.4800348103791687e-002  2.8641419458637612e-003  2.4107023054673125e+000  2.9380462293041809e-002  2.4893851071533668e+001  5.8491277563774347e-001  7.5386547738841880e-001  3.0887418674038908e-003  2.4953117549214374e+000  6.4533984703864755e-001  5.3199022944202867e-002  1.1086014530601167e-001
  1.6786191505033894e+000  2.7315957496414637e-002  2.3291551200623143e+001  5.3474136983969578e-001  3.1510408832931755e-002  2.1461339357268035e-003  3.6098321025461129e+000  2.8837376795128211e-002  3.5744020006371620e+001  5.7394727280757785e-001  7.6058956308939696e-001  4.8621968228304453e-003  2.3061058070008116e+000  7.6979472716175479e-001  3.4530790925736778e-002  3.5140077238111767e-001
  1.9397168194852961e+000  2.9684238496732598e-002  2.5187629379651430e+001  5.8122237806436094e-001  3.4602207402521498e-002  2.5182135885105724e-003  5.0220178314535140e+000  2.9808391754230001e-002  4.9679653198241951e+001  5.9355722576612457e-001  7.6543266804651311e-001  6.9140561450358219e-003  2.3379956028446469e+000  6.7824370889841168e-001  4.8263443665238256e-002  2.0129899997262654e-001
  1.8697570496440927e+000  3.1626280065165970e-002  2.6155877880883860e+001  6.1864856190453676e-001  3.5035474523401930e-002  2.3809197055954180e-003  3.7337454638935359e+000  2.9122633302998580e-002  3.7044862930008293e+001  5.7970619883344732e-001  7.6073350170931997e-001  5.0355298101726308e-003  2.2972149848116223e+000  8.8614968039798259e-001  1.7077547940302605e-002  1.8417066025324769e-001
  2.6580395357463287e+000  8.2228755830154099e-002  6.4793064286221977e+001  1.5896037943874883e+000  6.5804488628097402e-002  2.8918574489580871e-003  4.4529489618976470e-001  2.7774386804729101e-002  6.0224361202911076e+000  5.5250106558571588e-001  7.5416071310908506e-001  4.5080268391722335e-004  2.5652966380915845e+000  1.1473095019682746e+000  6.6344143862882052e-002  3.8739680674627748e-002
  2.8618573889497494e+000  7.2370471223114158e-002  5.3340504334362166e+001  1.3989749127679907e+000  6.6033492418913722e-002  3.3129934410149925e-003  6.7112119148633198e-001  2.8370247472438104e-002  7.9560875051087709e+000  5.6452003934679951e-001  7.5473801427213350e-001  7.5001669900992898e-004  2.5304463767572507e+000  1.0085780515778464e+000  5.8559529178521648e-002  4.3558742269679498e-002
  2.1003961370960806e+000  3.4504042548655509e-002  2.8044291608917298e+001  6.7529466849278863e-001  3.9176841064480480e-002  2.6825899113598066e-003  3.3134608125633189e+000  2.9832223104881983e-002  3.3662455783512904e+001  5.9403873997985812e-001  7.5682509248841690e-001  4.3919828706015553e-003  2.4598771667116570e+000  6.6120896483913771e-001  5.0818655274129335e-002  1.5680638992276183e-001
  1.9243409934060880e+000  3.1158265186740024e-002  2.6079310401180468e+001  6.0976348039723083e-001  3.5068698968788913e-002  2.4706237092040071e-003  4.2296724639125003e+000  2.9274932361815331e-002  4.1809354011643713e+001  5.8278155547039923e-001  7.6280893275573891e-001  5.7663091092377307e-003  2.3077553449754209e+000  8.4195984875215468e-001  2.3706022687176795e-002  2.0415939560189106e-001
  2.8612675780038539e+000  6.8670733248122270e-002  5.0312108568374022e+001  1.3296225644255040e+000  6.4539452765134092e-002  3.3520903748857711e-003  7.4805572644328677e-001  2.8451903788775823e-002  8.6005381236019236e+000  5.6616765357029308e-001  7.5481204534664015e-001  8.5435423813718867e-004  2.5489425692567176e+000  9.4981933083695735e-001  5.6970485038281990e-002  4.6075864442092940e-002
  2.4475314625813733e+000  4.6554189551991615e-002  3.5532152400746696e+001  9.0883723521459292e-001  4.8980306770956238e-002  3.0155928936119536e-003  1.8143541931060820e+000  2.9140898035580287e-002  1.9126640190071257e+001  5.8007499237300664e-001  7.5376155819101121e-001  2.2338059519973197e-003  2.4955226216857058e+000  6.4949258690402567e-001  5.2576111964396148e-002  8.4740013185814034e-002
  1.5612850313717264e+000  2.8049238809370616e-002  2.4498084763017498e+001  5.4871712467862854e-001  3.1031123651868504e-002  1.9580193362959881e-003  2.7989184394739670e+000  2.8473897660576730e-002  2.7915028895308662e+001  5.6661145563924897e-001  7.5769993625563181e-001  3.6752576497621099e-003  2.2863859842201246e+000  7.6017833213548625e-001  3.5973250179677063e-002  4.1101798378833238e-001
  2.1356727394201269e+000  3.4103064948934170e-002  2.8122480966142568e+001  6.6768876380938202e-001  3.9205353234967405e-002  2.7440970647427364e-003  3.3169137476504265e+000  3.0128640570994181e-002  3.3835501432647327e+001  6.0002880818276161e-001  7.5585625012670032e-001  4.3938453315160823e-003  2.3732427100556994e+000  7.0823602098305849e-001  4.3764596852541221e-002  1.5377119471034414e-001
  2.1179652021111064e+000  3.4149829758037722e-002  2.8013730527594625e+001  6.6851737322917781e-001  3.9113217562156889e-002  2.7156861454185276e-003  3.3122796336180524e+000  3.0007527678353796e-002  3.3741202264310559e+001  5.9758112439667599e-001  7.5624963045886739e-001  4.3882260779317464e-003  2.3562636959733618e+000  6.8978083107603916e-001  4.6532875338594112e-002  1.5541611679998563e-001
