  2.9276948773662892e+000  1.3358419914309377e-001  1.2559782475442711e+002  2.5793758443023225e+000  7.5429089585877018e-002  2.5075467449416624e-003  3.5265187013303567e-001  2.7228541866503697e-002  4.5374489011834171e+000  5.4149706157904909e-001  7.5318839802173077e-001  2.1306231574364301e-004  2.4437180108782934e+000  2.1101071495375194e+000  7.0390304214720409e-002  4.1467652235036546e-002
  2.6848506558513088e+000  5.7852514184177133e-002  4.2561154857993237e+001  1.1257245162088261e+000  5.7668803519380252e-002  3.2217854304860383e-003  9.8152279905573891e-001  2.8623073679812761e-002  1.0538200355840019e+001  5.6962184580081754e-001  7.5443390410493560e-001  1.1765042936010377e-003  2.5717770206713748e+000  7.4815002358552540e-001  5.6636173893495109e-002  6.9063184159501120e-002
  2.8051183173389038e+000  1.0898743596759591e-001  9.5783589869720956e+001  2.1151146693025447e+000  7.1455374007496006e-002  2.7046084134854250e-003  3.5221074444296363e-001  2.7417202762788584e-002  5.1201864269965469e+000  5.4529972470787413e-001  7.5375980859964531e-001  2.9445591416138450e-004  2.5002440949235800e+000  1.6742503099197310e+000  6.6129653907422037e-002  3.3716740284464489e-002
  2.7919354568972112e+000  1.0426185022051775e-001  8.9964997684247564e+001  2.0229025218805079e+000  7.0891759115459974e-002  2.7638438580027801e-003  3.5504901209404593e-001  2.7468671873131623e-002  5.2814865142992495e+000  5.4633726118803061e-001  7.5387314964283914e-001  3.1839092541199529e-004  2.5127911885100560e+000  1.5866452894762464e+000  6.5438584860639221e-002  3.3954185844560239e-002
  2.6207923778534097e+000  8.0925516729205435e-002  6.3791319834288174e+001  1.5645420766652518e+000  6.4767869737645742e-002  2.8615890137126377e-003  4.9623887964289537e-001  2.7907670183626943e-002  6.3557099488560258e+000  5.5518889032307506e-001  7.5393780158821444e-001  5.1219974950712441e-004  2.5461464866584085e+000  1.1185301831872640e+000  6.6901784021698149e-002  5.6676868801178920e-002
  1.4785213307702751e+000  3.0263200893268054e-002  2.8007350353574040e+001  5.9128438454843746e-001  3.1249357259487173e-002  1.8047123385637757e-003  2.1226367438879308e+000  2.8118888507865147e-002  2.1427145366391546e+001  5.5944908377421854e-001  7.5565894880738882e-001  2.6894784274502717e-003  2.2615068114671462e+000  9.0813014890335386e-001  1.3780477664496924e-002  4.4675515216042466e-001
  1.4784858750180321e+000  3.0272236994219024e-002  2.8016470341421496e+001  5.9145834414096432e-001  3.1253128059544236e-002  1.8045402249444143e-003  2.1214863828735666e+000  2.8118379818392825e-002  2.1416148444711887e+001  5.5943882264909561e-001  7.5565609208947060e-001  2.6878012512317750e-003  2.2614516593507950e+000  9.0115788409373543e-001  1.4826317385939683e-002  4.4669211368570294e-001
  1.4780663567884891e+000  3.0378671338761477e-002  2.8124139108244893e+001  5.9350722076308282e-001  3.1297415322492618e-002  1.8025115401525101e-003  2.1080126446612955e+000  2.8112412847782098e-002  2.1287606973236532e+001  5.5931845916106404e-001  7.5562275615594010e-001  2.6681848484987336e-003  2.2608017558340410e+000  8.4088396571274948e-001  2.3867405143087571e-002  4.4595733920328945e-001
  1.4780663934464575e+000  3.0378673852340412e-002  2.8124140936178595e+001  5.9350726952296551e-001  3.1297417365479953e-002  1.8025115643420066e-003  2.1080121035604673e+000  2.8112412896502459e-002  2.1287602118535766e+001  5.5931846014383346e-001  7.5562275458103267e-001  2.6681840495317195e-003  2.2608017351392729e+000  8.4088397470828613e-001  2.3867403793757087e-002  4.4595724352213872e-001
  2.8052038187018495e+000  5.9722088097776162e-002  4.4007248338700876e+001  1.1614580078672549e+000  5.9689696991830798e-002  3.3753295279677930e-003  9.8767295115975884e-001  2.8611983148853382e-002  1.0647862632216336e+001  5.6939802251745775e-001  7.5483983169778346e-001  1.1837965556479833e-003  2.5794096225176135e+000  8.1262716706574356e-001  5.2324626120226703e-002  5.4339496381910574e-002
  3.4803437492043714e+000  1.7502489793806894e-001  1.7028130913339834e+002  3.3342929852250363e+000  9.0068708445543558e-002  2.7573608156990781e-003  2.9776959327264407e-001  2.6999733052819774e-002  4.1849531008855800e+000  5.3688611108442252e-001  7.5310573179300577e-001  1.4737634747073215e-004  2.4080365568978301e+000  2.8816086162749719e+000  6.7902655342509638e-002  3.4282021505446868e-002
  2.8192914487300715e+000  1.1130234561125310e-001  9.8512932623164602e+001  2.1598498474830832e+000  7.1891118438504487e-002  2.6882379205498607e-003  3.4844951805340330e-001  2.7396663019319645e-002  5.0562779768774764e+000  5.4488569022751854e-001  7.5372217162393540e-001  2.8436569389624425e-004  2.4952782222277410e+000  1.7178876208505911e+000  6.6294333994873819e-002  3.3612440839431067e-002
  2.7786951331778513e+000  1.2634243718613389e-001  1.1899960545451965e+002  2.4440932617268003e+000  7.1753530600497384e-002  2.3922807883190521e-003  3.7920568965871482e-001  2.7253536445605908e-002  4.7976256512382038e+000  5.4200081405343603e-001  7.5302254848955241e-001  2.2748856477451500e-004  2.4404965071387688e+000  1.9551553049895640e+000  7.3340693510585434e-002  7.0511201703317566e-002
  2.4848476647546995e+000  9.3219864682362860e-002  8.0798061249944169e+001  1.8104596587816877e+000  6.3609966964875378e-002  2.4655159405379615e-003  4.5399212599672722e-001  2.7525950327800031e-002  5.4716847171699579e+000  5.4749196603704853e-001  7.5332450126832295e-001  3.6266540202879206e-004  2.4940852504359659e+000  1.3252510518367115e+000  7.2781291041746438e-002  8.4211806452228616e-002
  2.5710825972308990e+000  8.3404601310545182e-002  6.7306301101057500e+001  1.6143203635218735e+000  6.4275918815117891e-002  2.7508994436791835e-003  5.0185101107794416e-001  2.7794485616945863e-002  6.0669721768473979e+000  5.5290636075975108e-001  7.5377868206827858e-001  4.7147222081460501e-004  2.5357147962245850e+000  1.1579222871996224e+000  6.8459711448337637e-002  5.5761441341139792e-002
  2.3391929982678858e+000  7.3368502341602901e-002  5.8689243743516464e+001  1.4210838813050191e+000  5.8210190219049884e-002  2.5447974361073244e-003  6.0878798631586584e-001  2.7901785320496808e-002  7.0027365441733815e+000  5.5507020740028246e-001  7.5326850390374300e-001  5.5682387617028359e-004  2.4526842257644725e+000  9.0946002910396762e-001  7.6743577830157714e-002  1.4281180938661567e-001
  1.4784981868637186e+000  3.0269050853007858e-002  2.8013250233564882e+001  5.9139700552514785e-001  3.1251797990210078e-002  1.8046006760133119e-003  2.1218916192721569e+000  2.8118560447093710e-002  2.1420023190875455e+001  5.5944246623423943e-001  7.5565709927433111e-001  2.6883920233305818e-003  2.2614710569999152e+000  9.0356104418070327e-001  1.4465843372894509e-002  4.4671418728641232e-001
  1.4782661775683146e+000  3.0328156673066060e-002  2.8072966725044019e+001  5.9253484636471099e-001  3.1276434568161933e-002  1.8034752412492319e-003  2.1143905786432153e+000  2.8115248095565093e-002  2.1348434407816981e+001  5.5937565062640004e-001  7.5563851153490591e-001  2.6774683716783258e-003  2.2611091410536566e+000  8.6597601158705828e-001  2.0103598261941250e-002  4.4630466281470238e-001
  2.9556480551359603e+000  1.3679342831788285e-001  1.2937293667353310e+002  2.6388093369547909e+000  7.6209569816675982e-002  2.5028562384123978e-003  3.5270259868545395e-001  2.7206151231684794e-002  4.5361483592855611e+000  5.4104580062774588e-001  7.5314105742676207e-001  2.0584165352676743e-004  2.4381872263363982e+000  2.1671906945209924e+000  7.0742796365069777e-002  4.2106059909917719e-002
  2.6675571889515304e+000  1.0752382672709739e-001  9.6143127971290411e+001  2.0875820102269005e+000  6.8412801998396638e-002  2.5142198642869955e-003  3.9142780569426705e-001  2.7403026015654586e-002  4.9992781920074973e+000  5.4501395286667709e-001  7.5341247204649553e-001  2.9311006391182816e-004  2.4836440198189340e+000  1.6205834426375132e+000  7.0049785138408080e-002  4.9809493337881032e-002
  2.5693727927504777e+000  8.3419188465693198e-002  6.7346903856242164e+001  1.6146432972095479e+000  6.4245014491136690e-002  2.7480378992165715e-003  5.0287763340356761e-001  2.7792985398918502e-002  6.0628980411655293e+000  5.5287610839352119e-001  7.5377427877632730e-001  4.7109622412314436e-004  2.5353221198254827e+000  1.1579106845051619e+000  6.8509891905657899e-002  5.5726763946114845e-002
  2.6452725989719879e+000  5.6382060565262612e-002  4.1534209938615426e+001  1.0977128214213148e+000  5.6568993904210912e-002  3.1819758033084043e-003  1.0042312834747271e+000  2.8625609542166419e-002  1.0724289784049738e+001  5.6967302358479799e-001  7.5435329893110459e-001  1.2079788726999351e-003  2.5702617333880511e+000  7.1753771917225662e-001  5.7026265337358724e-002  7.2522556338365740e-002
  2.5733016340006736e+000  5.5466694453761976e-002  4.0789448035373169e+001  1.0797945051578111e+000  5.5505096395280819e-002  3.0869908876521436e-003  9.5591786864363826e-001  2.8533396307899084e-002  1.0266270245311384e+001  5.6781209321569293e-001  7.5423569241342070e-001  1.1412056095075722e-003  2.5676392673330026e+000  6.8277855261248921e-001  5.9552392881798283e-002  7.4221993452313409e-002
  1.4785144552432978e+000  3.0264934286600424e-002  2.8009102885476068e+001  5.9131775512489981e-001  3.1250080061398081e-002  1.8046791904652293e-003  2.1224157002981379e+000  2.8118789079036421e-002  2.1425032263485512e+001  5.5944707812654570e-001  7.5565840020566943e-001  2.6891561920998272e-003  2.2614962667047624e+000  9.0674767530900735e-001  1.3987848703648888e-002  4.4674311784979220e-001
  2.3365048932597259e+000  7.2839186293348568e-002  5.8121600722732154e+001  1.4107576106131587e+000  5.8055233976278847e-002  2.5479104099893671e-003  6.1575007733312681e-001  2.7916840844272484e-002  7.0740254738191499e+000  5.5537384089135422e-001  7.5326491724777089e-001  5.6493037951552659e-004  2.4541391772642771e+000  8.9805165826861788e-001  7.6905892851681132e-002  1.4482222749825358e-001
  1.4783857228613293e+000  3.0297816125700424e-002  2.8042290078222287e+001  5.9195077626462667e-001  3.1263801601269951e-002  1.8040535454094072e-003  2.1182358888871615e+000  2.8116949215377662e-002  2.1385100410781906e+001  5.5940996499920459e-001  7.5564803099903088e-001  2.6830657243001668e-003  2.2612950683615693e+000  8.8371246366732670e-001  1.7443130449900989e-002  4.4651415942711897e-001
  1.4780663557445783e+000  3.0378671311659725e-002  2.8124139080008504e+001  5.9350722023952440e-001  3.1297415304405517e-002  1.8025115390889520e-003  2.1080126489010578e+000  2.8112412851160506e-002  2.1287607014092412e+001  5.5931845922921042e-001  7.5562275617830621e-001  2.6681848546395749e-003  2.2608017555744087e+000  8.4088396561780976e-001  2.3867405157328533e-002  4.4595733957850436e-001
  2.5980433020875280e+000  8.4439634055802695e-002  6.8195588458527695e+001  1.6341270220478663e+000  6.4921444488338684e-002  2.7756772537869748e-003  5.0333313846113548e-001  2.7788140985365084e-002  6.0459369227205189e+000  5.5277841957899732e-001  7.5383513148205250e-001  4.6619692508819734e-004  2.5389221488517020e+000  1.1822105142118704e+000  6.7787476175399389e-002  4.5065762694812835e-002
  2.6810053916777736e+000  5.7682271059038802e-002  4.2440615885380431e+001  1.1224789259948196e+000  5.7550221896412741e-002  3.2182172438865553e-003  9.8362307024845208e-001  2.8621200901362220e-002  1.0555549610937682e+001  5.6958405019829073e-001  7.5443124431886710e-001  1.1793788741234247e-003  2.5717943316514265e+000  7.4504706520876351e-001  5.6614779117908409e-002  6.8650531640543785e-002
  2.3374962743773868e+000  7.3470472250469709e-002  5.8826947310529270e+001  1.4231060932741952e+000  5.8199168038398391e-002  2.5408865460910287e-003  6.0880576762053451e-001  2.7897247941323755e-002  7.0020564986354534e+000  5.5497870031165419e-001  7.5326430974749337e-001  5.5492059382219149e-004  2.4520806760900640e+000  9.1114521011057137e-001  7.6794132474543572e-002  1.4262204349330587e-001
  1.4785429329460895e+000  3.0257522189056526e-002  2.8001630145375792e+001  5.9117505610487586e-001  3.1246978768565661e-002  1.8048194743590252e-003  2.1233601911005948e+000  2.8119202971502721e-002  2.1434060046982527e+001  5.5945542703901907e-001  7.5566074945915307e-001  2.6905333223463945e-003  2.2615415527304608e+000  9.1278159634830303e-001  1.3082760547754552e-002  4.4679514010632371e-001
  1.4785338116803339e+000  3.0260146511477647e-002  2.8004273460034469e+001  5.9122558432728733e-001  3.1248086907584523e-002  1.8047711781358374e-003  2.1230252400583574e+000  2.8119058422523047e-002  2.1430858909094297e+001  5.5945251124074957e-001  7.5565991115052344e-001  2.6900448773172006e-003  2.2615255372167642e+000  9.1061326580539748e-001  1.3408010129190373e-002  4.4677648729763192e-001
  1.4783571316759070e+000  3.0305034005450721e-002  2.8049580221958180e+001  5.9208972442900420e-001  3.1266805615933924e-002  1.8039157638346363e-003  2.1173206821831698e+000  2.8116545716958541e-002  2.1376373882635562e+001  5.5940182577008457e-001  7.5564576313988918e-001  2.6817334973789006e-003  2.2612509017799751e+000  8.7925256341926328e-001  1.8112115487110513e-002  4.4646432228788602e-001
  1.4780651267865852e+000  3.0378626233886805e-002  2.8124152055734452e+001  5.9350633546810727e-001  3.1297376445715758e-002  1.8025101853434710e-003  2.1080135594530240e+000  2.8112412453082269e-002  2.1287614945558420e+001  5.5931845119935097e-001  7.5562275795027423e-001  2.6681862091893806e-003  2.2608018263269591e+000  8.4088395318185194e-001  2.3867407022722203e-002  4.4595753123902682e-001
  1.4780663911026506e+000  3.0378674042746454e-002  2.8124141003409079e+001  5.9350727323571817e-001  3.1297417556083541e-002  1.8025115599170612e-003  2.1080120451933855e+000  2.8112412937386644e-002  2.1287601621678768e+001  5.5931846096852844e-001  7.5562275450934369e-001  2.6681839622150240e-003  2.2608017288693540e+000  8.4088397538816817e-001  2.3867403691774779e-002  4.4595722973097351e-001
  2.2171166106209883e+000  3.7025675569912229e-002  2.9735694673935580e+001  7.2522753404988083e-001  4.1988176129830829e-002  2.8241484635058356e-003  2.1878730305389542e+000  2.9862653892039459e-002  2.2874919597260366e+001  5.9465361249804971e-001  7.5232326794026583e-001  2.7920241353228750e-003  2.5293756639749834e+000  6.9290407248088870e-001  4.6064389127866694e-002  1.2959822931078993e-001
  2.6747744563123930e+000  1.2101438932106340e-001  1.1404776705780722e+002  2.3439455720204081e+000  6.9164854488000985e-002  2.3168041516590230e-003  3.9706149282391401e-001  2.7272827507751618e-002  4.9721570316503145e+000  5.4238962355191056e-001  7.5290608246035884e-001  2.3928689294131812e-004  2.4368363377120938e+000  1.8391028165353527e+000  7.5726413322758299e-002  9.8424837832863557e-002
  2.8092445241042467e+000  1.0962856963361844e-001  9.6535871009696820e+001  2.1275265982990930e+000  7.1581096513430198e-002  2.7003830110366831e-003  3.5091355068183994e-001  2.7411439894020839e-002  5.1023796017480381e+000  5.4518355755427983e-001  7.5375024999421170e-001  2.9158105230497194e-004  2.4989011917448023e+000  1.6864246150753828e+000  6.6165297483556526e-002  3.3682275527202564e-002
  2.7791063697838423e+000  5.7638946408238335e-002  4.2678047213503916e+001  1.1220115854125039e+000  5.8337293698443711e-002  3.3639024311992219e-003  1.0561867255302317e+000  2.8666148486731657e-002  1.1244501566245791e+001  5.7049118186718673e-001  7.5479937063648994e-001  1.2788690151278384e-003  2.5708830638441880e+000  7.8118501407921337e-001  5.1123985699993588e-002  5.6805814316223967e-002
  2.7780933557122456e+000  5.7565815869573135e-002  4.2632042358199094e+001  1.1206242583788573e+000  5.8288406970484000e-002  3.3633724190061682e-003  1.0587033961380019e+000  2.8668376713463894e-002  1.1266543702162181e+001  5.7053615294556792e-001  7.5479752050880966e-001  1.2823768393227034e-003  2.5698846825728525e+000  7.8008117794325238e-001  5.1081462065340741e-002  5.6898551779309144e-002
  2.6922571986997084e+000  5.8235660044244401e-002  4.2812758327189421e+001  1.1329526391583817e+000  5.7939227728051379e-002  3.2277665764727749e-003  9.6816884584973728e-001  2.8607026000261992e-002  1.0423945772326432e+001  5.6929798072298787e-001  7.5446635497699588e-001  1.1579330379430132e-003  2.5719973002814482e+000  7.5587552128797797e-001  5.6561567680560559e-002  6.5662391589421179e-002
  2.5651395145000770e+000  8.1129595032067015e-002  6.4702881008061837e+001  1.5696422205793183e+000  6.3810117167812208e-002  2.7758304116947247e-003  4.9437714645935493e-001  2.7851603476161335e-002  6.2210967338347833e+000  5.5405819311914151e-001  7.5378426266046439e-001  4.9532983556399394e-004  2.4551499140784387e+000  1.1125963978302535e+000  6.8556873412359720e-002  7.0801171726181084e-002
  1.4786179394604591e+000  3.0238609464843868e-002  2.7982572788179674e+001  5.9081094866823380e-001  3.1239085835567514e-002  1.8051807662093377e-003  2.1257701857578990e+000  2.8120261307604366e-002  2.1457096283225066e+001  5.5947677548703645e-001  7.5566673351580471e-001  2.6940471585851153e-003  2.2616572117529952e+000  9.3059835146742342e-001  1.0410247279886483e-002  4.4692711932695062e-001
  2.3417551103206531e+000  7.5015033636405312e-002  6.0571209469615610e+001  1.4533770738228498e+000  5.8566619517027810e-002  2.5263580030425435e-003  5.7702475202890824e-001  2.7847763240778090e-002  6.6835277405030391e+000  5.5398074935488140e-001  7.5325324865163168e-001  5.2898787568946004e-004  2.4475132005318279e+000  9.4206691801432851e-001  7.6696523371278177e-002  1.4418951275140746e-001
  2.5389370762355519e+000  5.4155085340474578e-002  3.9894451742585417e+001  1.0547399207600447e+000  5.4532883866766857e-002  3.0528240680791729e-003  9.7362635647822948e-001  2.8525903026830557e-002  1.0411120957514777e+001  5.6766088066411413e-001  7.5417995454711317e-001  1.1655809868093940e-003  2.5657823472381298e+000  6.5617978997446125e-001  5.9784019617837525e-002  7.6413041284219552e-002
  2.3278840694158029e+000  7.1772271018358272e-002  5.7031596887119356e+001  1.3900206791829952e+000  5.7677705489561887e-002  2.5493485054179179e-003  6.2779253941526036e-001  2.7943291731156839e-002  7.1984746560840840e+000  5.5590730205799588e-001  7.5324600128189600e-001  5.8029696354832544e-004  2.4566568421671282e+000  8.7374618483489686e-001  7.7441174152214756e-002  1.5128026891413154e-001
  1.4784840721972310e+000  3.0272774478258695e-002  2.8017009108881492e+001  5.9146869381798262e-001  3.1253358103975303e-002  1.8045304558457385e-003  2.1214169589368659e+000  2.8118351085205218e-002  2.1415486257743670e+001  5.5943824305236234e-001  7.5565591869649418e-001  2.6876999600560225e-003  2.2614483164689916e+000  9.0076834091647962e-001  1.4884748862528061e-002  4.4668798246162306e-001
  2.7700592475458978e+000  1.2588838716185499e-001  1.1857173901736236e+002  2.4355802884114830e+000  7.1538413074635390e-002  2.3861504996336874e-003  3.8063662793469533e-001  2.7255235695883062e-002  4.8116318045828148e+000  5.4203506198576790e-001  7.5301371178422238e-001  2.2847269995779525e-004  2.4403414021343144e+000  1.9454687828910371e+000  7.3516725828066884e-002  7.2583570460687877e-002
  2.7801596007104878e+000  5.7717147048061197e-002  4.2727284309189407e+001  1.1234947072809764e+000  5.8389212654232907e-002  3.3644230269406733e-003  1.0534973781038595e+000  2.8663800584430632e-002  1.1220969211825922e+001  5.7044379554782232e-001  7.5480126099295186e-001  1.2751381765388654e-003  2.5718190046314708e+000  7.8235826027318023e-001  5.1170467051169420e-002  5.6707691287569841e-002
  2.3388811974376496e+000  7.2878709318501850e-002  5.8137194757687574e+001  1.4114994090715016e+000  5.8106333169275222e-002  2.5509245773730252e-003  6.1342328729895357e-001  2.7917279803028050e-002  7.0513255152839047e+000  5.5538269369421123e-001  7.5326960624859596e-001  5.6458872106492433e-004  2.4543535082314731e+000  8.9936354552881603e-001  7.6820379531402833e-002  1.4469496394666506e-001
