   1.0000000000000000e+00   8.8873218223716466e-01   1.1630777314715235e+01   1.3086931639448022e+01
   2.0000000000000000e+00   7.9369096133034800e-01   1.1373649126909772e+01   1.4330072636641582e+01
   3.0000000000000000e+00   5.4108930210043049e-01   6.8781758960789494e+00   1.2711720356286595e+01
   4.0000000000000000e+00   3.9000612551384783e-01   6.5898913142330864e+00   1.6896891825867236e+01
   5.0000000000000000e+00   8.3534253074666309e-01   1.1667380748563776e+01   1.3967181508326886e+01
   6.0000000000000000e+00   6.1715730925857226e-01   6.6288934665837100e+00   1.0741011030959665e+01
   7.0000000000000000e+00   3.4203464259575506e-01   6.5213904579603534e+00   1.9066461831083799e+01
   8.0000000000000000e+00   6.6383776675217365e-01   9.5851930018049334e+00   1.4439059483916516e+01
   9.0000000000000000e+00   6.9155752136591742e-01   8.4901479314000188e+00   1.2276849964166185e+01
   1.0000000000000000e+01   4.3725967703673335e-01   1.0531399153014181e+01   2.4084999614838619e+01
   1.1000000000000000e+01   6.4340463084997401e-01   9.8425863237918705e+00   1.5297661614261706e+01
   1.2000000000000000e+01   4.3727699977817269e-01   7.0226148389490293e+00   1.6059877017340376e+01
   1.3000000000000000e+01   7.9867173068141406e-01   1.2171183812090600e+01   1.5239282103682747e+01
   1.4000000000000000e+01   7.5052076491451947e-01   1.0247017962239310e+01   1.3653210465677647e+01
   1.5000000000000000e+01   7.0645556019099287e-01   8.6711099498458513e+00   1.2274105320229321e+01
   1.6000000000000000e+01   3.6052474433317788e-01   5.6526318777899842e+00   1.5678901286637128e+01
   1.7000000000000000e+01   3.6574995681344324e-01   5.5213120244366136e+00   1.5095865143882572e+01
   1.8000000000000000e+01   3.4876356527040558e-01   5.5009481795001713e+00   1.5772714604620873e+01
   1.9000000000000000e+01   3.7969428248483178e-01   9.8032381977997236e+00   2.5818766966003363e+01
   2.0000000000000000e+01   5.8028056104510028e-01   8.3701162500306765e+00   1.4424257526317753e+01
   2.1000000000000000e+01   4.9849508683745930e-01   6.7903327554274311e+00   1.3621664354821426e+01
   2.2000000000000000e+01   3.6148471292127343e-01   5.6317036001949772e+00   1.5579368639640059e+01
   2.3000000000000000e+01   3.7213868009371603e-01   1.1906377319142159e+01   3.1994463236511091e+01
   2.4000000000000000e+01   6.7780903891024558e-01   1.0705982071924986e+01   1.5794982741949912e+01
   2.5000000000000000e+01   8.9743397268684866e-01   7.8967425065910621e+00   8.7992462364098163e+00
   2.6000000000000000e+01   3.4908547954881958e-01   5.6277732626373007e+00   1.6121476235307739e+01
   2.7000000000000000e+01   3.7451478279447575e-01   5.7149990400314117e+00   1.5259742212012119e+01
   2.8000000000000000e+01   3.4549341663647215e-01   5.5065015616932591e+00   1.5938079559666964e+01
   2.9000000000000000e+01   3.6830891067384020e-01   5.6992502621267613e+00   1.5474103658528620e+01
   3.0000000000000000e+01   4.1797994700203495e-01   8.7705824242502981e+00   2.0983261247716264e+01
   3.1000000000000000e+01   4.7325007831322691e-01   6.3264586109182348e+00   1.3368108957249836e+01
   3.2000000000000000e+01   4.5904254320941318e-01   1.0961696050366832e+01   2.3879477430844911e+01
   3.3000000000000000e+01   4.6201483692804279e-01   9.9975988755616054e+00   2.1639129474793677e+01
   3.4000000000000000e+01   5.4401107115652880e-01   8.7772131847234593e+00   1.6134254705632607e+01
   3.5000000000000000e+01   5.1120564836855864e-01   9.9731175112224904e+00   1.9509012748685976e+01
   3.6000000000000000e+01   7.4807585243526464e-01   8.2837662334537754e+00   1.1073430864647001e+01
   3.7000000000000000e+01   3.9882436328098497e-01   5.5436862697545415e+00   1.3900069253915742e+01
   3.8000000000000000e+01   3.7069511830710622e-01   8.2611797845532156e+00   2.2285644931825498e+01
   3.9000000000000000e+01   5.9970657200750843e-01   1.0116767306982556e+01   1.6869528831603155e+01
   4.0000000000000000e+01   4.6521136391085910e-01   6.0540079771224331e+00   1.3013456778503082e+01
   4.1000000000000000e+01   3.6493771271484410e-01   5.8920648852151842e+00   1.6145398734986703e+01
   4.2000000000000000e+01   7.4997076787382111e-01   7.4330781597281872e+00   9.9111571785672137e+00
   4.3000000000000000e+01   3.5011088960457476e-01   1.1835833822941373e+01   3.3805957410548132e+01
   4.4000000000000000e+01   6.8883592621089573e-01   8.4540867955959822e+00   1.2273005042143604e+01
   4.5000000000000000e+01   4.1979642891685226e-01   5.6566238073172226e+00   1.3474683007457436e+01
   4.6000000000000000e+01   4.1239095695154399e-01   5.9138169554030835e+00   1.4340316769113727e+01
   4.7000000000000000e+01   3.9222584235439151e-01   7.4906233444150763e+00   1.9097730275627793e+01
   4.8000000000000000e+01   4.5114385430034648e-01   5.9334936649290997e+00   1.3152110149280476e+01
   4.9000000000000000e+01   3.7690387755131499e-01   5.7012630684445575e+00   1.5126570481271681e+01
   5.0000000000000000e+01   4.1464291333865527e-01   6.5943793478276564e+00   1.5903755100335614e+01
   5.1000000000000000e+01   4.8325396149443289e-01   1.1646844157400203e+01   2.4100876734425643e+01
   5.2000000000000000e+01   8.7376389007180755e-01   1.2225912607731813e+01   1.3992238345678333e+01
   5.3000000000000000e+01   7.0459144073721736e-01   8.0522376891847873e+00   1.1428236597310482e+01
   5.4000000000000000e+01   5.2648045681993927e-01   1.1815648979666470e+01   2.2442711456063641e+01
   5.5000000000000000e+01   7.4142536328435327e-01   7.5355113793569704e+00   1.0163546801226616e+01
   5.6000000000000000e+01   4.1626547678680470e-01   7.0501498176540869e+00   1.6936667129051649e+01
   5.7000000000000000e+01   4.0688280636110313e-01   6.7250250578266790e+00   1.6528162293145186e+01
   5.8000000000000000e+01   3.7863759525703339e-01   7.2616744450587598e+00   1.9178429548521887e+01
   5.9000000000000000e+01   4.2522807073260277e-01   8.2423355289908109e+00   1.9383328844661008e+01
   6.0000000000000000e+01   7.4396891915235974e-01   9.0012506056944659e+00   1.2098960553284984e+01
   6.1000000000000000e+01   4.9286327112063222e-01   8.9786646379811685e+00   1.8217353907436063e+01
   6.2000000000000000e+01   5.2035831128292709e-01   7.7815703353827095e+00   1.4954253956658235e+01
   6.3000000000000000e+01   5.1462255911746402e-01   6.4124722775988561e+00   1.2460534743357785e+01
   6.4000000000000000e+01   3.8855486473104278e-01   6.7888872688917727e+00   1.7472145854076572e+01
   6.5000000000000000e+01   3.7503109672681989e-01   6.1015704508676532e+00   1.6269505393341177e+01
   6.6000000000000000e+01   4.6120403639123025e-01   7.5541857758158173e+00   1.6379270734325818e+01
   6.7000000000000000e+01   5.3290478795761509e-01   6.3435412399137139e+00   1.1903704720360388e+01
   6.8000000000000000e+01   4.1078667861935825e-01   6.1270353619707123e+00   1.4915370144337434e+01
   6.9000000000000000e+01   4.6912004804173624e-01   5.8878107086300453e+00   1.2550754829617139e+01
   7.0000000000000000e+01   4.0023424195924057e-01   6.0119724202708795e+00   1.5021134600680000e+01
   7.1000000000000000e+01   8.2797651613685541e-01   1.1034808605360523e+01   1.3327441527987238e+01
   7.2000000000000000e+01   4.9353356497688133e-01   7.5298150845470078e+00   1.5256946272539190e+01
   7.3000000000000000e+01   4.6947323949219344e-01   1.1068378634708134e+01   2.3576165164771194e+01
   7.4000000000000000e+01   8.3985173658076995e-01   1.0624816366911062e+01   1.2650823834891549e+01
   7.5000000000000000e+01   5.4688279673735785e-01   1.1131850121716319e+01   2.0355092879365930e+01
   7.6000000000000000e+01   5.9094463315004908e-01   6.4025025587132669e+00   1.0834352661068303e+01
   7.7000000000000000e+01   3.5976543083342116e-01   7.8147125892542224e+00   2.1721688410003452e+01
   7.8000000000000000e+01   4.6063527304730600e-01   5.8824767478285223e+00   1.2770356705237395e+01
   7.9000000000000000e+01   3.6108388393185809e-01   5.4740358571124048e+00   1.5160011567133351e+01
   8.0000000000000000e+01   3.6604540579243605e-01   5.5114419113143001e+00   1.5056716527783800e+01
   8.1000000000000000e+01   3.7585103982161427e-01   5.4609793219397815e+00   1.4529637391801979e+01
   8.2000000000000000e+01   3.6453207185280673e-01   5.9626646803256484e+00   1.6357037256061503e+01
   8.3000000000000000e+01   3.7269637613060963e-01   6.1580623166375785e+00   1.6523000251763960e+01
   8.4000000000000000e+01   3.7052622157807286e-01   5.5788042785246610e+00   1.5056435830005521e+01
   8.5000000000000000e+01   4.0375123965868426e-01   6.1158323601320959e+00   1.5147525900606979e+01
   8.6000000000000000e+01   4.0770178708137311e-01   5.8417668618843388e+00   1.4328528956676811e+01
   8.7000000000000000e+01   3.8083517748351575e-01   6.3965300624147998e+00   1.6796058874292594e+01
   8.8000000000000000e+01   8.4777929672556884e-01   1.2114439804195280e+01   1.4289615057817100e+01
   8.9000000000000000e+01   6.1155917665009940e-01   7.0787222360964552e+00   1.1574876980623760e+01
   9.0000000000000000e+01   4.5080076778239558e-01   8.4809471497594302e+00   1.8813071662409495e+01
   9.1000000000000000e+01   4.9397000182369971e-01   6.6416733190805664e+00   1.3445499310808374e+01
   9.2000000000000000e+01   5.2085200941394760e-01   6.8792263278723391e+00   1.3207640948938085e+01
   9.3000000000000000e+01   5.5908570570683280e-01   9.4076464505462205e+00   1.6826841313448458e+01
   9.4000000000000000e+01   5.2862077776221938e-01   8.0778714970168792e+00   1.5281032900773365e+01
   9.5000000000000000e+01   5.7589020846475758e-01   7.0587418974079883e+00   1.2257096567461362e+01
   9.6000000000000000e+01   4.0432770199880375e-01   7.0992083025974972e+00   1.7558055674895364e+01
   9.7000000000000000e+01   4.9216073771781543e-01   6.7238013986188960e+00   1.3661799658781488e+01
   9.8000000000000000e+01   4.0204061894155163e-01   9.1057803582246688e+00   2.2648906426911207e+01
   9.9000000000000000e+01   6.4413459192673639e-01   9.8888707641686793e+00   1.5352180876653549e+01
   1.0000000000000000e+02   4.4472529740981709e-01   7.9587608080673933e+00   1.7895903053910033e+01
