  4.6940750348572928e+000  4.8586356038059488e+000 -3.6799908816620528e+000  2.7332136651702688e+000  2.2727615860703818e+001  7.4025617054110637e-001  8.8930311012061991e-001  1.0000000000000000e+000                      Inf
 -1.7299029223427085e+000  5.3172255961870647e+000 -3.4640712709252206e+000  3.6676056861017052e+000  2.1105781882950321e+001  8.7341961606689000e-001  2.0927787277231498e+000  1.0000000000000000e+000                      Inf
  6.1036065976054044e+000  6.6528402078827309e+000 -4.1990430083648960e+000  1.5048906421847374e+000  6.6663462561706739e+000  9.9996566925834884e-001  1.6875324256032789e-001  1.0000000000000000e+000                      Inf
  6.1557111569104981e+000  7.0000000000000000e+000 -4.2193010635805699e+000  1.4701569569544899e+000  6.3836236489984763e+000  9.9997996186662230e-001  2.2697268031585163e-001  1.0000000000000000e+000                      Inf
  6.2167256101498554e+000  6.9873448317210523e+000 -4.2187311293876260e+000  1.4710482376635541e+000  6.3908726544868513e+000  9.9999695885732054e-001  2.2446112161578249e-001  1.0000000000000000e+000                      Inf
  5.5680498483531045e+000  6.9999832781564884e+000 -4.1139365322199195e+000  1.4563774191796923e+000  6.6666465326716491e+000  8.9077218318996765e-001  2.5274438969906871e-001  1.0000000000000000e+000                      Inf
  6.2121488716448363e+000  7.0000000000000000e+000 -4.1056637610114830e+000  1.5250817948503319e+000  6.7646658055193667e+000  8.9027709428528534e-001  3.2401159471666596e-001  1.0000000000000000e+000  1.8365723819445572e+000
  5.6181706987321434e+000  6.9999837516917616e+000 -4.1139301434509239e+000  1.4564107190286664e+000  6.6667005270401720e+000  8.9077038285891752e-001  2.5277841464138273e-001  1.0000000000000000e+000  4.5117341559597637e-002
  6.3923629103888908e+000  6.8329582137511036e+000 -4.1590200939882074e+000  1.4740056101049039e+000  6.6118725778909493e+000  9.4252963648813981e-001  2.0683501062988283e-001  1.0000000000000000e+000  3.2104889532587770e-002
  6.4959195683596231e+000  6.8348972823540377e+000 -4.1855698722018193e+000  1.4783602303336492e+000  6.5466963153268969e+000  9.7102421390652927e-001  2.0164349778604262e-001  1.0000000000000000e+000  3.0870341868618752e-002
  7.0289410603844580e+000  6.7637432696757065e+000 -4.1887140041787596e+000  1.4871077569485733e+000  6.5896002096682986e+000  9.7934838747951725e-001  1.8833698824632006e-001  1.0000000000000000e+000  2.9548953397154399e-002
  5.9767943084222175e+000  6.9820876051482372e+000 -4.1375130838084679e+000  1.4590924037087123e+000  6.5972613039828563e+000  9.1347723008068549e-001  2.4266924087534308e-001  1.0000000000000000e+000  2.7278682646022366e-002
  6.0785268077102081e+000  6.9985577678471618e+000 -4.1916197840177487e+000  1.4647411319812238e+000  6.4445069688609209e+000  9.6848721050191822e-001  2.3309265701714199e-001  1.0000000000000000e+000  2.6535250708881911e-002
  5.8448692980536023e+000  6.9184666826970123e+000 -4.1933778714426335e+000  1.4716550557764667e+000  6.4799881580012109e+000  9.7465344659886832e-001  2.1607890452117731e-001  1.0000000000000000e+000  2.6442568533201538e-002
  5.5720949011948049e+000  6.9811579976122893e+000 -4.1166727734185562e+000  1.4577185384404650e+000  6.6646664841370002e+000  8.9398810171692722e-001  2.4775374951721363e-001  1.0000000000000000e+000  2.5915968595742720e-002
  6.0704088689592961e+000  6.6869898188326289e+000 -4.1942346267859403e+000  1.4984938823278324e+000  6.6425441803962784e+000  9.9147754026769996e-001  1.7478145255331681e-001  1.0000000000000000e+000  2.4128373575038688e-002
  5.6850571202767552e+000  6.9807022039192077e+000 -4.1618469959483289e+000  1.4616940008353037e+000  6.5276322448001025e+000  9.3770245548195863e-001  2.3636232207056651e-001  1.0000000000000000e+000  2.3881165064923753e-002
  6.0957014392698357e+000  6.9395427929650246e+000 -4.1682139188321701e+000  1.4656927101681796e+000  6.5297998958476153e+000  9.4629903456724762e-001  2.2607403348176944e-001  1.0000000000000000e+000  2.3502150324032592e-002
  5.5044118041118901e+000  7.0000000000000000e+000 -4.1256907489347618e+000  1.4570363013503644e+000  6.6273632619993439e+000  9.0155053947180896e-001  2.4970512174335405e-001  1.0000000000000000e+000  2.2328291736909738e-002
  5.4481864625191641e+000  6.9552641717564123e+000 -4.1498405718653650e+000  1.4622171703775311e+000  6.5724223069753540e+000  9.2675404386922089e-001  2.3375975239513513e-001  1.0000000000000000e+000  2.2018477902366679e-002
  5.5421665024588220e+000  6.9938964017561238e+000 -4.1284220163484715e+000  1.4576308521191275e+000  6.6209451902890493e+000  9.0435972430473788e-001  2.4762272868782734e-001  1.0000000000000000e+000  2.1389768407358067e-002
  5.6999902453332449e+000  6.9799674464090824e+000 -4.1642814299815392e+000  1.4620480517892567e+000  6.5213876256535102e+000  9.4023937905407329e-001  2.3561268275685174e-001  1.0000000000000000e+000  2.1226393351717495e-002
  6.5918657506925271e+000  6.8291578126672814e+000 -4.1907636685562268e+000  1.4800035379115197e+000  6.5390422000841690e+000  9.7721151429647579e-001  1.9952885469295401e-001  1.0000000000000000e+000  2.1112149920947423e-002
  6.0127093900330193e+000  6.9802951861559448e+000 -4.1426081534006327e+000  1.4596762871157281e+000  6.5826109355650857e+000  9.1849797022815949e-001  2.4099988275861994e-001  1.0000000000000000e+000  2.0838198849979245e-002
  5.8475821256993292e+000  6.9856396450280931e+000 -4.1853660441702170e+000  1.4646953327961341e+000  6.4652109025183560e+000  9.6228816969881981e-001  2.3179812862242460e-001  1.0000000000000000e+000  2.0646306463551589e-002
  7.0552108516073648e+000  6.9604291888358976e+000 -4.1321921592779267e+000  1.4601658523892347e+000  6.6228790818874375e+000  9.0930574293757094e-001  2.3921199632211415e-001  1.0000000000000000e+000  1.9145661567969346e-002
  6.0796165093061578e+000  6.9788052022964937e+000 -4.1464855216189509e+000  1.4601427702316716e+000  6.5717800865353677e+000  9.2235398901449628e-001  2.3971138239895254e-001  1.0000000000000000e+000  1.8907546574866221e-002
  6.0688226087422290e+000  6.7245303411985606e+000 -4.1935036324069133e+000  1.4930796957528309e+000  6.6111745622186291e+000  9.8765976241016695e-001  1.8089619382655367e-001  1.0000000000000000e+000  1.8906082850918621e-002
  5.8407808946986677e+000  6.9854386786609606e+000 -4.1830432165635694e+000  1.4643320855789759e+000  6.4709326116931889e+000  9.5978119669118356e-001  2.3230486712610046e-001  1.0000000000000000e+000  1.8408857244984790e-002
  6.1076934798938858e+000  6.9079736606217619e+000 -4.1708611051984610e+000  1.4687538332392578e+000  6.5390583341246717e+000  9.5072696404872503e-001  2.1897233320382611e-001  1.0000000000000000e+000  1.8185078409649318e-002
  6.1178865097762278e+000  6.7093996260864674e+000 -4.1983009611621105e+000  1.4963311880204884e+000  6.6149741351612894e+000  9.9445722649390067e-001  1.7760349253012303e-001  1.0000000000000000e+000  1.7619767089708173e-002
  6.0196403584771971e+000  6.9799390476834935e+000 -4.1363646316457459e+000  1.4591481135733799e+000  6.6016786966014607e+000  9.1246684303017556e-001  2.4247910438188833e-001  1.0000000000000000e+000  1.7455176480891014e-002
  6.0576334339236482e+000  6.8764781463045823e+000 -4.1679265251361208e+000  1.4711488734411957e+000  6.5636094372997364e+000  9.4935461888477646e-001  2.1334038793286453e-001  1.0000000000000000e+000  1.7298512681406801e-002
  5.8014538902502126e+000  6.9999999999999991e+000 -4.1818625340540319e+000  1.4630427659678136e+000  6.4673348202049628e+000  9.5780482250851851e-001  2.3572944255870076e-001  1.0000000000000000e+000  1.6242098477331709e-002
  6.4142896134042537e+000  6.7785896795381380e+000 -4.2033201588670037e+000  1.4886631796227960e+000  6.5492008635102463e+000  9.9515990279398181e-001  1.8811844479229697e-001  1.0000000000000000e+000  1.6035073991454714e-002
  5.4565319190523498e+000  6.9959887815981716e+000 -4.1227311579459309e+000  1.4571137366281970e+000  6.6386123586916685e+000  8.9896323292553315e-001  2.4955632476828576e-001  1.0000000000000000e+000  1.6010779901827251e-002
  5.4671697255163076e+000  7.0000000000000000e+000 -4.1212244751418501e+000  1.4567692672977164e+000  6.6420370153669133e+000  8.9741942229452099e-001  2.5086158721766438e-001  1.0000000000000000e+000  1.5843747400894170e-002
  5.5461977779117726e+000  6.9984609575142347e+000 -4.1591098630825005e+000  1.4601122522087966e+000  6.5275257513125053e+000  9.3411548312046533e-001  2.4093274921763344e-001  1.0000000000000000e+000  1.5628144634917077e-002
  5.6821167498489222e+000  6.9197008650829472e+000 -4.1516386027191530e+000  1.4651941068701977e+000  6.5841492439125995e+000  9.3026855158151978e-001  2.2579184889353326e-001  1.0000000000000000e+000  1.5442366935560859e-002
  6.0126824619640589e+000  6.9798967605919202e+000 -4.1443158367599473e+000  1.4598590139328040e+000  6.5777034224419939e+000  9.2017862324563127e-001  2.4048890451829305e-001  1.0000000000000000e+000  1.5093164635230649e-002
  5.8410693390604687e+000  6.9854645233231194e+000 -4.1880580553422231e+000  1.4651621618169111e+000  6.4588519075427930e+000  9.6523644526258556e-001  2.3112927293162963e-001  1.0000000000000000e+000  1.4643324648662748e-002
  5.8032838652742296e+000  7.0000000000000000e+000 -4.1725560730759863e+000  1.4616839546126195e+000  6.4908628717113457e+000  9.4791086998379126e-001  2.3797916515791773e-001  1.0000000000000000e+000  1.4611160962327160e-002
  5.5568161959956539e+000  7.0000000000000000e+000 -4.1587764701457068e+000  1.4599653911314350e+000  6.5278065874694748e+000  9.3370643274130471e-001  2.4135456402697211e-001  1.0000000000000000e+000  1.4408464379149362e-002
  6.1092389340870588e+000  6.9966506495612091e+000 -4.1306420442795408e+000  1.4576115372119118e+000  6.6127710967741633e+000  9.0633894119659519e-001  2.4767949623518457e-001  1.0000000000000000e+000  1.4351918746189954e-002
  5.5680730798627307e+000  7.0000000000000000e+000 -4.1141323803934142e+000  1.4563860377864823e+000  6.6659682095194572e+000  8.9094753016009975e-001  2.5269699829495040e-001  1.0000000000000000e+000  1.3477671289808176e-002
  5.6479405531275733e+000  6.9348324808125170e+000 -4.2009360720555513e+000  1.4717103163649206e+000  6.4546315506855825e+000  9.8228371940694692e-001  2.1769691423032880e-001  1.0000000000000000e+000  1.3144576211292629e-002
  5.4555295477607162e+000  7.0000000000000000e+000 -4.1325485209904835e+000  1.4575338890357026e+000  6.6054187792810586e+000  9.0801081197630307e-001  2.4794937277995344e-001  1.0000000000000000e+000  1.2861156320801930e-002
  6.0826644367004459e+000  6.6959359332539492e+000 -4.1936414823742192e+000  1.4970907397489175e+000  6.6356008259437260e+000  9.9010144938877642e-001  1.7628746692556749e-001  1.0000000000000000e+000  1.2727617898144323e-002
  5.6528397155208507e+000  6.9298535397534842e+000 -4.2030970199344191e+000  1.4725778615043716e+000  6.4526580117276060e+000  9.8501871210067260e-001  2.1622405220780769e-001  1.0000000000000000e+000  1.2322486004553598e-002
  5.6914584112634508e+000  6.9202867549984877e+000 -4.1520349116165995e+000  1.4651855208809286e+000  6.5827527094771590e+000  9.3063690519202724e-001  2.2582160902470003e-001  1.0000000000000000e+000  1.2132337177489813e-002
