  3.7513744164285434e+000  6.9218883901032928e+000 -3.5544583610079075e+000 -4.3245466244725668e+000  1.9679527863425335e+000  1.3513560826446929e+001  6.8148338453315505e-001  8.8221788854075345e-001  1.0000000000000000e+000                      Inf
  4.7279368589313275e+000  5.2900349688278681e+000 -3.9110259759154289e+000  4.1047765575546613e-001  2.4053804047989940e+000  1.3139609138473121e+001  8.3383745050332392e-001  5.9980091448049977e-001  1.0000000000000000e+000                      Inf
 -1.0998938067763460e+000  5.7663100326717256e+000 -2.8300673398784495e+000  1.3972672854523793e-001  2.2578362785091253e+000  5.3022504871650824e+001  5.6607515441928147e-001  1.2350705514806939e+000  1.0000000000000000e+000                      Inf
 -1.1154975042717561e+000  5.7367166261243323e+000 -2.8588678860110690e+000  1.9778408230584310e-001  3.1058330591921344e+000  4.9577206088520754e+001  6.4223292352855510e-001  2.0680367120475096e+000  1.0000000000000000e+000                      Inf
  3.8169513379534066e+000  6.9269480463411144e+000 -3.5921950737481825e+000 -4.2370488991518833e+000  2.3832932497402495e+000  1.3073696162161101e+001  7.2996202579840563e-001  1.2903305397509417e+000  1.0000000000000000e+000  1.0532979338184156e+000
  3.7625500680922137e+000  6.7704403991125801e+000 -3.7670427261075283e+000 -4.3351087405828732e+000  2.3247108378761117e+000  1.0128204723725615e+001  7.7382752742742600e-001  1.1428526882272867e+000  1.0000000000000000e+000                      Inf
 -2.7504135328103443e+000 -2.5108385214952715e+000 -3.8710057735456536e+000 -2.0549556016899171e+000  2.3883658747119796e+000  7.4861664627633786e+001  6.8221740889301263e-001  1.3566371804315343e+000  2.0000000000000000e+000                      Inf
  4.1655654561853064e+000  5.5653425469092781e+000 -5.6542921028926063e+000 -3.1479704954903065e+000  3.9188826990791776e+000  1.6655785824447435e+001  1.7535034840402741e+000  1.2395515630385772e+000  2.0000000000000000e+000                      Inf
  3.7635326248375320e+000  7.0000000000000000e+000 -3.5672511339115411e+000 -4.3217424545790015e+000  2.4288850075129185e+000  1.3659678523252170e+001  7.2935688146740463e-001  1.3545525745877069e+000  2.0000000000000000e+000  9.1841221276026563e-002
 -8.4958960988095866e-001  5.6308551187104880e+000 -2.9629263671152057e+000  1.7956040506765317e-001  3.0950745847192125e+000  4.3039048719920480e+001  6.8152690213189149e-001  1.9615538942013020e+000  2.0000000000000000e+000  1.3417141153378367e+000
  3.8212162578255011e+000  6.9402581071879883e+000 -3.5654138415625205e+000 -4.9949962378690440e+000  2.4345709280736179e+000  1.3719072186642652e+001  7.2995051156214430e-001  1.3499982159157384e+000  2.0000000000000000e+000  1.5322419472646370e-001
  3.7153353103506421e+000  6.4155429929110248e+000 -3.5426378190810608e+000 -4.3136568016842283e+000  2.5137448950785197e+000  1.4547296462272689e+001  7.3975556558453548e-001  1.2891100955204995e+000  2.0000000000000000e+000  2.9513616608327325e-001
 -1.2331881913667970e+000  5.7948921917115870e+000 -2.8302363480708874e+000  6.1498770478556702e-002  3.1547904523835735e+000  5.6486320480336602e+001  6.7903070688814571e-001  2.1194025789797002e+000  2.0000000000000000e+000                      Inf
  4.0087173764747011e+000  6.9982011929054000e+000 -3.6095936420368924e+000 -4.2393718941060143e+000  2.7805588262627028e+000  1.3092795173944058e+001  7.7275284594080162e-001  1.6984091878856302e+000  2.0000000000000000e+000  8.1365350531243863e-001
  3.6943855331699540e+000  6.7619901449557629e+000 -3.7783061683347046e+000 -4.1636907773324943e+000  2.5637038994474359e+000  1.0230632139112686e+001  8.0203961590618789e-001  1.3762055714858445e+000  2.0000000000000000e+000  4.6033529234834569e-001
  3.6942420720354789e+000  6.7661416753306751e+000 -3.7977781027365447e+000 -4.1602150522033376e+000  2.7393123321331050e+000  1.0175711664104503e+001  8.2708619466157107e-001  1.5478216260749833e+000  2.0000000000000000e+000                      Inf
  4.1434189481697308e+000  6.8856497139620023e+000 -3.5601107018208986e+000 -4.2452183582722016e+000  2.4468921015432534e+000  1.3866754238210484e+001  7.3060930956615133e-001  1.3522699640046207e+000  3.0000000000000000e+000                      Inf
  3.9363026150485338e+000  7.0000000000000000e+000 -3.5485032731428667e+000 -4.3039469677019380e+000  2.4646100691457367e+000  1.4138388812201217e+001  7.2967644906043749e-001  1.3933107809697320e+000  3.0000000000000000e+000  9.9497851834194173e-001
  3.8846688010189943e+000  6.8933062310634323e+000 -3.5542893528154695e+000 -4.2463186664058865e+000  2.4575928405552032e+000  1.4013459226534314e+001  7.3060827352659996e-001  1.3659305693870127e+000  3.0000000000000000e+000  5.1819750520375643e-002
 -1.1173829660609758e+000  5.7363029226579130e+000 -2.8588973468031806e+000  2.0333530918936024e-001  3.9641453423983934e+000  5.0223382883447186e+001  7.2630456287761069e-001  2.9268102472394193e+000  3.0000000000000000e+000  2.4788089489010323e+000
 -9.8079593257672648e-001  5.6241651471809364e+000 -2.8093849457950753e+000  1.9193761813965587e-001  3.9985295087080193e+000  5.4380322135348493e+001  7.1813160103525620e-001  2.9432631690166406e+000  3.0000000000000000e+000                      Inf
  4.1876711604191126e+000  6.8647946351002718e+000 -3.5793697917690257e+000 -4.3955004868560774e+000  2.8761624678681335e+000  1.3860851977316401e+001  7.7721676575294141e-001  1.7721865454912118e+000  3.0000000000000000e+000  2.2959626106967859e+000
  3.7603254122200918e+000  6.7619790154760882e+000 -3.7671244199182294e+000 -4.3750262670435358e+000  2.6076448783740709e+000  1.0412944320126984e+001  8.0229130909914659e-001  1.4231800098325218e+000  3.0000000000000000e+000  9.0526631631740107e-001
  3.8141946233564044e+000  6.7539405913298847e+000 -3.7843213836705858e+000 -3.9667259289671177e+000  2.8071679256666879e+000  1.0404548582590404e+001  8.2881443200395222e-001  1.6156090661896614e+000  3.0000000000000000e+000                      Inf
  3.7669781139239538e+000  6.9514817966506861e+000 -3.5256578148752880e+000 -4.3826039782331714e+000  2.5088190576885201e+000  1.4763116547642847e+001  7.3069640543558356e-001  1.4336759776743668e+000  4.0000000000000000e+000                      Inf
  4.1880939434409621e+000  6.8635971772934452e+000 -3.5629425496252609e+000 -4.1918535332829139e+000  2.9232663839452551e+000  1.4282119188241749e+001  7.7891457476490689e-001  1.8229522461744381e+000  4.0000000000000000e+000  8.3869541151274107e-001
  3.7734310255118726e+000  6.9990324955626271e+000 -3.5672411203310790e+000 -4.3197551012626931e+000  2.9043876848338237e+000  1.4135579369710490e+001  7.7691051414154599e-001  1.8299011949880861e+000  4.0000000000000000e+000                      Inf
  3.6984864942426299e+000  6.7578911365458456e+000 -3.7761166360792462e+000 -4.1620801828888290e+000  2.8463557978358294e+000  1.0541397148600661e+001  8.2955265561020797e-001  1.6582181385529542e+000  4.0000000000000000e+000  3.1977363989912080e+000
  3.6935575398142149e+000  6.7662681149256692e+000 -3.7987398435928199e+000 -4.1393966535262940e+000  2.9859020547292747e+000  1.0411319329489446e+001  8.5212798070300289e-001  1.7941930456591295e+000  4.0000000000000000e+000                      Inf
  3.7495280380025409e+000  6.4088560554668321e+000 -3.5999838199953054e+000 -4.1369679181736716e+000  3.3219526867374674e+000  1.4058178823580588e+001  8.3215585967919825e-001  2.0780891218575164e+000  5.0000000000000000e+000                      Inf
  3.7403590391390296e+000  6.6899113876654752e+000 -3.4832284890185456e+000 -4.1019239008943789e+000  2.5953690346370406e+000  1.6078930710068370e+001  7.3508742862141596e-001  1.4714134110118997e+000  5.0000000000000000e+000                      Inf
  3.7603869261035450e+000  7.0000000000000000e+000 -3.5669400427251223e+000 -4.3218493028727067e+000  2.9052020893688244e+000  1.4143166397661643e+001  7.7693173665548221e-001  1.8309272064605433e+000  5.0000000000000000e+000  1.3419135344936510e+000
  3.7145699471722020e+000  6.4385484181027230e+000 -3.5434922870412895e+000 -4.3136953278793211e+000  3.0156072978692419e+000  1.5013079921141868e+001  7.8969188763308740e-001  1.7977888205781585e+000  5.0000000000000000e+000  1.6774658671183279e-001
  4.1424558601808767e+000  6.8040834220029431e+000 -3.5576933357458040e+000 -4.2328333246416996e+000  2.9416830399327849e+000  1.4439035683234751e+001  7.8029494883361061e-001  1.8279700748483860e+000  5.0000000000000000e+000  3.3703952519439923e-001
  3.7151691194427476e+000  6.4200824336729791e+000 -3.5437323763655102e+000 -4.3096886609435670e+000  3.0175570642131540e+000  1.5021198553836832e+001  7.9025307826062097e-001  1.7939729229617949e+000  5.0000000000000000e+000  8.3153237986471873e-001
  3.6803845549831187e+000  6.5096251527328919e+000 -3.5395391059081280e+000 -3.9587527275245971e+000  3.0172355760299228e+000  1.5070315397328788e+001  7.8801405422230841e-001  1.8225634491706524e+000  5.0000000000000000e+000  3.1484824997783079e-001
  3.6515554659452865e+000  6.7449488921258354e+000 -3.7536311184330877e+000 -3.6283590163481305e+000  2.9594980198894403e+000  1.0944495883531111e+001  8.3293952534762794e-001  1.7736197495476886e+000  5.0000000000000000e+000  1.4157106264707771e+000
  3.6935099473314770e+000  6.7660216425745787e+000 -3.7976431463410623e+000 -4.1541721393159161e+000  2.9923045026749917e+000  1.0430282178642985e+001  8.5233361098467941e-001  1.8008130375836360e+000  5.0000000000000000e+000                      Inf
 -1.9863605796981059e+000  5.8130612252555967e+000 -7.9007028752140194e+000  3.5020068694079853e-001  4.4743753686675340e+000  1.6709078940406336e+001  2.2907196205875366e+000  1.7127910277517140e+000  6.0000000000000000e+000                      Inf
 -3.0000000000000000e+000 -2.6058833342057390e+000 -3.8705345477331714e+000 -2.0580445304793313e+000  3.1598283330450139e+000  4.3579743015111106e+001  7.6168035957515889e-001  2.1277290682209831e+000  6.0000000000000000e+000  3.8724863353100342e-006
 -3.0000000000000000e+000 -2.4745998453539815e+000 -3.8653534327326620e+000 -2.1342838678902827e+000  3.1598288565332027e+000  4.3579792132042336e+001  7.6168058346343992e-001  2.1277280196564647e+000  6.0000000000000000e+000  9.0335956300689024e-001
 -3.0000000000000000e+000 -2.4471096021555265e+000 -4.0975075657528919e+000 -2.0574673814709055e+000  3.1598270398136679e+000  4.3579740590835613e+001  7.6167947315087070e-001  2.1277291760467802e+000  6.0000000000000000e+000  5.8102183868605928e-001
 -1.0980083449871263e+000  5.7667237361381467e+000 -2.8300378790863374e+000  1.3417550166172079e-001  4.0044611008930726e+000  5.4976882675958862e+001  7.4246183655247400e-001  2.9808069151996301e+000  6.0000000000000000e+000                      Inf
  4.0882648509147810e+000  6.8681486891643937e+000 -3.5600722530881117e+000 -4.2460753471718347e+000  2.9311507249568374e+000  1.4356025800037356e+001  7.7915526599326523e-001  1.8325817069975026e+000  6.0000000000000000e+000  1.0573120527927385e-001
  3.7704894076055924e+000  6.4330440177086325e+000 -3.5426762678138477e+000 -4.3127998127845952e+000  3.0185528698707627e+000  1.5039584057200656e+001  7.8993881332086835e-001  1.7992727896824032e+000  6.0000000000000000e+000  2.7104222245885429e-001
 -1.0288304446428926e+000  6.1226341200127941e+000 -2.8266279324959651e+000  1.3808090803935075e-001  3.9916868196292068e+000  5.4702978367959481e+001  7.3662480364474547e-001  3.0895293947315863e+000  6.0000000000000000e+000                      Inf
 -1.1574184377767640e+000  5.4650420162749551e+000 -2.8688239826062065e+000  1.3955451705564909e-001  4.0108531250020087e+000  5.2437534684151430e+001  7.5780872298470237e-001  2.8683062687172165e+000  6.0000000000000000e+000  6.9772567780736683e-001
  3.9049134224059312e+000  7.0000000000000000e+000 -3.5656248869812184e+000 -4.4646048651054704e+000  2.9089668430268976e+000  1.4177297987769975e+001  7.7707044305553441e-001  1.8349144128598200e+000  6.0000000000000000e+000                      Inf
 -8.5827248738143480e-001  5.6318209478935479e+000 -2.9670547223340300e+000  1.8786332650005710e-001  3.9275839941003881e+000  4.3401392869026679e+001  7.6367939525688022e-001  2.7944514593511611e+000  6.0000000000000000e+000  1.6827069577299785e+000
  3.6934847587030677e+000  6.7618767574402288e+000 -3.7965887160056155e+000 -4.1609041712269894e+000  2.9994506811843653e+000  1.0450906018909507e+001  8.5270029232819045e-001  1.8069901176921317e+000  6.0000000000000000e+000                      Inf
