  1.4797739868915514e+000  3.2413395362456916e-002  3.0236500973306775e+001  6.3266550458805682e-001  3.2174031625868085e-002  1.7793832360254586e-003  1.9123380856762573e+000  2.8032551166946584e-002  1.9426257904344908e+001  5.5770758659903130e-001  7.5515696105117802e-001  2.3830918039228870e-003  2.2503909222219134e+000  4.8817879945098208e-001  7.6773180082352691e-002  3.9403908908977137e-001
  1.9317257865104631e+000  4.0361449681882183e-002  3.1705745689004512e+001  7.8647198867447088e-001  4.0213764043962499e-002  2.3582770972745176e-003  2.5860840728837733e+000  2.8869227884020798e-002  2.6097957760156952e+001  5.7459022213014599e-001  7.5689854996189632e-001  3.3529781227709526e-003  2.3539261520569230e+000  4.7365461828853073e-001  7.8951807256720380e-002  1.2614629619196907e-001
  1.3856718135158266e+000  2.4475629189820627e-002  2.2857184329315636e+001  4.7885870791995161e-001  2.7314776908084426e-002  1.7575176693258622e-003  3.5704359202258580e+000  2.8619194739689213e-002  3.5194023348047715e+001  5.6954356278974672e-001  7.6072119229981594e-001  4.8196949779724385e-003  2.2580493737139147e+000  8.7216446499329847e-001  1.9175330251005221e-002  3.6290608648739536e-001
  1.3844477214039250e+000  2.4024817091678061e-002  2.2448289131009400e+001  4.7009438974973417e-001  2.7050267804225283e-002  1.7629205613627383e-003  3.7154072206890252e+000  2.8681647845380409e-002  3.6619945419113833e+001  5.7080399894223710e-001  7.6119481305733860e-001  5.0327086524974522e-003  2.2573180211235040e+000  8.6069266889410478e-001  2.0896099665884276e-002  3.4665137425930015e-001
  1.4789424363786015e+000  3.2770525871339315e-002  3.0623468851508775e+001  6.3952694446224079e-001  3.2311342063409583e-002  1.7735993788896070e-003  1.8780410945714063e+000  2.8016324619825506e-002  1.9099413224351377e+001  5.5738029974842362e-001  7.5507881087961404e-001  2.3331868393752613e-003  2.2485367185730918e+000  4.5217540668082401e-001  8.2173688997876401e-002  3.8597972638929373e-001
  1.4792469193699083e+000  3.5360745535046763e-002  3.3420519736696988e+001  6.8928113557680570e-001  3.3293007663178234e-002  1.7420104257940344e-003  1.6803848372844392e+000  2.7923066707284061e-002  1.7220457197120759e+001  5.5549940278597987e-001  7.5464283570559842e-001  2.0456141021125626e-003  2.2368600042131841e+000  2.8182130616873446e-001  1.0772680407468982e-001  2.9738876972108319e-001
  1.4785146669912443e+000  3.0260499853516483e-002  2.8004703005286327e+001  5.9123228812093909e-001  3.1248039359321546e-002  1.8047391257838032e-003  2.1230186702494525e+000  2.8119032784608144e-002  2.1430761851638643e+001  5.5945199408053092e-001  7.5566004205731518e-001  2.6900365713041600e-003  2.2615198982869114e+000  9.0985120772073547e-001  1.3522318841889674e-002  4.4678597271079867e-001
  2.7169627308909119e+000  8.4532650834963738e-002  6.6829254066408240e+001  1.6333114872214476e+000  6.7111171906999390e-002  2.9540906630837515e-003  4.8096496100763630e-001  2.7876943188412273e-002  6.2616337188562365e+000  5.5456921141925974e-001  7.5413977785523523e-001  4.8842263663412093e-004  2.5585157157215046e+000  1.2019199681882657e+000  6.4708727854977291e-002  3.7631594850311326e-002
  1.4780252595741881e+000  3.2497248057024052e-002  3.0347225450367937e+001  6.3427090667353159e-001  3.2194048412869755e-002  1.7755579803136162e-003  1.8984818209803915e+000  2.8023980922441183e-002  1.9293151126217566e+001  5.5753472549942984e-001  7.5512531478297973e-001  2.3629663058379081e-003  2.2497399763739150e+000  4.7542987396936531e-001  7.8685518904595200e-002  4.0369282664897627e-001
  1.4174362548747459e+000  2.6270991569345405e-002  2.4204042077173714e+001  5.1376306914744485e-001  2.8499503970865085e-002  1.7801385419013809e-003  3.2442854186629084e+000  2.8520624907925951e-002  3.2025242139838625e+001  5.6755437019631572e-001  7.5960930314055541e-001  4.3386966676970430e-003  2.2601691989187724e+000  8.3881916492223330e-001  2.4177125261665003e-002  2.8391556435683546e-001
  1.4791999951658723e+000  3.2504433333823780e-002  3.0339700549508329e+001  6.3441341827136977e-001  3.2206439406253298e-002  1.7773329662929404e-003  1.9021448989389800e+000  2.8027231654902840e-002  1.9328825254943535e+001  5.5760029232586916e-001  7.5513365269193344e-001  2.3682704258626806e-003  2.2498641888380795e+000  4.7768546645387278e-001  7.8347180031919081e-002  3.9462728300799288e-001
  1.4990218916445184e+000  3.2701939821922460e-002  3.0206795299416939e+001  6.3828326524113532e-001  3.2447729445504836e-002  1.8062722260530027e-003  1.9572731759677904e+000  2.8078660210757445e-002  1.9867198333295491e+001  5.5863762680712270e-001  7.5525972333909752e-001  2.4480036227607499e-003  2.2515561836083311e+000  5.0736150171700056e-001  7.3895774742449918e-002  2.7438709208649847e-001
  1.3984109113953842e+000  2.5737797742413953e-002  2.3947460943610540e+001  5.0339275278932671e-001  2.8108746248853747e-002  1.7571544140900428e-003  3.2377064625078749e+000  2.8491258864230762e-002  3.1952573228703763e+001  5.6696178438487443e-001  7.5961061473894809e-001  4.3300044621105219e-003  2.2595310326461253e+000  8.7818977049409475e-001  1.8271534425885781e-002  3.6302303799151064e-001
  1.4770188386914738e+000  3.2920333198700240e-002  3.0810357765556834e+001  6.4239884718367868e-001  3.2355429596396000e-002  1.7686733835265763e-003  1.8583816012569461e+000  2.8004818128319897e-002  1.8911167599698306e+001  5.5714821879234400e-001  7.5503439796908123e-001  2.3046225144804228e-003  2.2475562428737397e+000  4.3451332919040975e-001  8.4823000621438535e-002  3.9486920031440098e-001
  1.4792966237548049e+000  3.5585586704334718e-002  3.3669968842292811e+001  6.9359888833692473e-001  3.3373185897861299e-002  1.7393204163978775e-003  1.6652461563414231e+000  2.7915442157715686e-002  1.7076536954058355e+001  5.5534563257992708e-001  7.5461024100892271e-001  2.0235999154155776e-003  2.2359160480098090e+000  2.7110181892315777e-001  1.0933472716152633e-001  2.9179829579321354e-001
  1.4784092532488573e+000  3.5970904624096259e-002  3.4124504954263237e+001  7.0099588677314628e-001  3.3499023169362742e-002  1.7331634587418650e-003  1.6370905957339907e+000  2.7899577036728296e-002  1.6808308974057891e+001  5.5502567203311592e-001  7.5454974962365018e-001  1.9827021394160232e-003  2.2342035317507034e+000  2.5218061577684947e-001  1.1217290763347257e-001  2.8691854719073590e-001
  1.4804581694358037e+000  3.2480901737484635e-002  3.0297189694227942e+001  6.3396591635540633e-001  3.2206768384788198e-002  1.7796273637616111e-003  1.9088884909257207e+000  2.8031987918363699e-002  1.9393951404141738e+001  5.5769622587898304e-001  7.5514904564892826e-001  2.3780579421207107e-003  2.2501531226157847e+000  4.8321696605372488e-001  7.7517455091941259e-002  3.8583603189717108e-001
  1.4783849607603352e+000  3.2329831877103109e-002  3.0165846361406455e+001  6.3105393822189737e-001  3.2128964117231013e-002  1.7782290099899562e-003  1.9147429444956447e+000  2.8031734603607639e-002  1.9448152283479850e+001  5.5769111652412384e-001  7.5516251642347476e-001  2.3866269881262191e-003  2.2506146177035982e+000  4.9311255419270084e-001  7.6033116871094875e-002  4.0708567258433032e-001
  1.4803819860818477e+000  3.2424803170910926e-002  3.0239929648881443e+001  6.3288718807926436e-001  3.2183394408316780e-002  1.7802069277634625e-003  1.9135827759177300e+000  2.8033957759267869e-002  1.9438527423081450e+001  5.5773595758366845e-001  7.5515979372926978e-001  2.3848859005731297e-003  2.2504180360806472e+000  4.8860542723667788e-001  7.6709185914498310e-002  3.8871971491365698e-001
  1.3839326886970467e+000  2.3931684476362913e-002  2.2369107106026906e+001  4.6828329750747594e-001  2.6995103911672140e-002  1.7635614994984787e-003  3.7416426514159244e+000  2.8692486168937048e-002  3.6878703882668347e+001  5.7102274709520628e-001  7.6128044460295519e-001  5.0712630594201419e-003  2.2571536541209327e+000  8.6007088456711567e-001  2.0989367314932658e-002  3.4659759353807251e-001
  1.3848784775215079e+000  2.3339337519700777e-002  2.1836435899881103e+001  4.5676649791660501e-001  2.6669416267902216e-002  1.7743464092407713e-003  3.9420261924759181e+000  2.8782360601374402e-002  3.8860411180007816e+001  5.7283675720330152e-001  7.6192703708786580e-001  5.3653537238336317e-003  2.2561106273552296e+000  8.7121701039550381e-001  1.9317448440674432e-002  3.2961213783012916e-001
  1.4806157545276262e+000  3.2673170020281764e-002  3.0495359085451383e+001  6.3766209441889066e-001  3.2285732071887431e-002  1.7774792210701888e-003  1.8926250452893303e+000  2.8025089035053519e-002  1.9239357106842274e+001  5.5755707595504589e-001  7.5511190623623337e-001  2.3543636001889350e-003  2.2492377404066213e+000  4.6518223778016898e-001  8.0222664332974647e-002  3.7663983215070485e-001
  1.4796700967692471e+000  3.5371728784704161e-002  3.3422993045877504e+001  6.8949383093866423e-001  3.3301035507863619e-002  1.7425443899929118e-003  1.6808880989481381e+000  2.7923864005144683e-002  1.7225516824369695e+001  5.5551548257633243e-001  7.5464394271976976e-001  2.0463359611466864e-003  2.2368650895884157e+000  2.8199369540120589e-001  1.0770094568981911e-001  2.9520522822769812e-001
  1.4795010480659418e+000  3.5713065814668973e-002  3.3807724198174718e+001  6.9604774424387761e-001  3.3419954389027583e-002  1.7380758788510153e-003  1.6573371177973808e+000  2.7911669592400212e-002  1.7001521007711961e+001  5.5526954875035628e-001  7.5459324924914728e-001  2.0121020305605489e-003  2.2354089949078046e+000  2.6553337552014922e-001  1.1016999367197761e-001  2.8794218858891540e-001
  1.4796494661602193e+000  3.2159272208293628e-002  2.9972457094231061e+001  6.2777944628275351e-001  3.2069064937471504e-002  1.7823755088254276e-003  1.9348467091624517e+000  2.8042168334168949e-002  1.9640297926606387e+001  5.5790156575628380e-001  7.5520875723958103e-001  2.4158717712456160e-003  2.2516346096612518e+000  5.1458479576415039e-001  7.2812280635377438e-002  4.0450638614606593e-001
  1.4809256580969266e+000  3.2517998453627836e-002  3.0328795353415476e+001  6.3468050218007399e-001  3.2225595779250549e-002  1.7799080759704289e-003  1.9073545847518556e+000  2.8031961116761872e-002  1.9379680994040125e+001  5.5769568529101754e-001  7.5514552152154590e-001  2.3758123907444903e-003  2.2500359153181995e+000  4.8078024194944280e-001  7.7882963707583575e-002  3.8061152032610984e-001
  1.4780461706776054e+000  3.2497527347229854e-002  3.0347323869529742e+001  6.3427636272592414e-001  3.2194391256374091e-002  1.7755877567704711e-003  1.8985215384481045e+000  2.8024022200395127e-002  1.9293540986569333e+001  5.5753555806877841e-001  7.5512540503529813e-001  2.3630236871953619e-003  2.2497410089475487e+000  4.7544717138540615e-001  7.8682924292189066e-002  4.0355968083186772e-001
  1.4795703961951048e+000  3.5547796606766241e-002  3.3621149910967958e+001  6.9287411544613542e-001  3.3362499565076864e-002  1.7402221661676133e-003  1.6686373573301712e+000  2.7917525169619095e-002  1.7108907610519307e+001  5.5538764218368719e-001  7.5461754849592577e-001  2.0285227812120478e-003  2.2361097493937367e+000  2.7335708032814499e-001  1.0899643795077825e-001  2.9143273691222926e-001
  1.4783715733223746e+000  3.5990647664622219e-002  3.4147722024946120e+001  7.0137493256231276e-001  3.3505489223590736e-002  1.7328596825919773e-003  1.6356877316350662e+000  2.7898770166139286e-002  1.6794946301896818e+001  5.5500939956589690e-001  7.5454673911000258e-001  1.9806634849000200e-003  2.2341168153211171e+000  2.5125508023448340e-001  1.1231173796482749e-001  2.8666256425222908e-001
  1.5010812917976566e+000  3.3314905846787472e-002  3.0784674869428340e+001  6.5006872018521722e-001  3.2714717728071947e-002  1.8018843858585533e-003  1.9101541720579309e+000  2.8061034960714659e-002  1.9420350847761974e+001  5.5828211264010363e-001  7.5515143610610946e-001  2.3793407033993949e-003  2.2488517667375709e+000  4.5521784873495263e-001  8.1717322689757094e-002  2.5721772691770561e-001
  1.4860616741235129e+000  3.1969634035897691e-002  2.9689374695939033e+001  6.2415669257006323e-001  3.2040431843623360e-002  1.7949339033490335e-003  1.9768181980611796e+000  2.8069051722626526e-002  2.0044074499741637e+001  5.5844381582773472e-001  7.5530596792645788e-001  2.4768210955361802e-003  2.2534712799106233e+000  5.5465368025676376e-001  6.6801947961485433e-002  3.6210605049837213e-001
  1.4780250479099288e+000  3.2494286284857392e-002  3.0344082724673687e+001  6.3421403250959263e-001  3.2192818477611830e-002  1.7755955547462234e-003  1.8987590810289703e+000  2.8024109527365448e-002  1.9295790600214229e+001  5.5753731943911333e-001  7.5512594764855900e-001  2.3633700083846645e-003  2.2497548989092726e+000  4.7572568048629849e-001  7.8641147927055219e-002  4.0375016500164790e-001
  1.4976267647139361e+000  3.2681966624297461e-002  3.0211700619304452e+001  6.3789383431755675e-001  3.2428108392814174e-002  1.8043180260877108e-003  1.9539904081392798e+000  2.8075298747766819e-002  1.9835020054294656e+001  5.5856982317299320e-001  7.5525218820941287e-001  2.4432600100830794e-003  2.2514715627672905e+000  5.0599351105176860e-001  7.4100973342234699e-002  2.7980828742285263e-001
  1.4825291244956587e+000  3.2502022356466390e-002  3.0287750164906861e+001  6.3437955728989792e-001  3.2232068924899472e-002  1.7826515341044808e-003  1.9146307427506226e+000  2.8037378916125677e-002  1.9450013333880442e+001  5.5780496252211798e-001  7.5516212831826657e-001  2.3863550926650316e-003  2.2503322670394583e+000  4.8638463847904212e-001  7.7042304228143677e-002  3.6881615941125984e-001
  1.4987735663760808e+000  3.2706765576369173e-002  3.0216162800385906e+001  6.3837472847691368e-001  3.2447703214614022e-002  1.8058193334499651e-003  1.9559066630256403e+000  2.8077711438930120e-002  1.9854032975598436e+001  5.5861848923115787e-001  7.5525657123652490e-001  2.4460201098991871e-003  2.2514994438788976e+000  5.0626116594569104e-001  7.4060825108146336e-002  2.7518942512472172e-001
  1.4936109064980043e+000  3.2566055890075579e-002  3.0165737737050357e+001  6.3565158726911652e-001  3.2347538514640665e-002  1.7994171270709766e-003  1.9497633874890958e+000  2.8067896588295893e-002  1.9792017779601181e+001  5.5842051595568876e-001  7.5524259154168616e-001  2.4372125175901697e-003  2.2515095606672952e+000  5.0787488984397278e-001  7.3818766523404078e-002  2.9893877963873405e-001
  1.4809078424861946e+000  3.5141697730235864e-002  3.3139499453013450e+001  6.8508050760730332e-001  3.3230307741652192e-002  1.7473470489766396e-003  1.7006646214699010e+000  2.7935548370219498e-002  1.7414305988720603e+001  5.5575113262723441e-001  7.5468672990776164e-001  2.0750591133854961e-003  2.2380024936595428e+000  2.9571803548064912e-001  1.0564229467790262e-001  2.9502957214444314e-001
  1.4784207614636593e+000  3.5968265265565569e-002  3.4121251653214145e+001  7.0094523686354615e-001  3.3498226572083352e-002  1.7332142533002216e-003  1.6372953522646174e+000  2.7899701086194550e-002  1.6810259541405802e+001  5.5502817378719627e-001  7.5455018868984547e-001  1.9829991040580842e-003  2.2342158319117118e+000  2.5231395686855540e-001  1.1215290646971668e-001  2.8692929637230369e-001
  2.7951410900343299e+000  1.0939802615844767e-001  9.6455733197477770e+001  2.1227961927242163e+000  7.1268115967278375e-002  2.6819791777032169e-003  3.4694375462751559e-001  2.7400888866895512e-002  5.0782594264126484e+000  5.4497087302041614e-001  7.5372184963631061e-001  2.8901793555572916e-004  2.4978429679752763e+000  1.6792342786332044e+000  6.6534287113651780e-002  3.3556749118509484e-002
  1.4780616820132584e+000  3.0378489711918654e-002  2.8123980017717791e+001  5.9350369447198337e-001  3.1297280359612906e-002  1.8025073078461768e-003  2.1080476894806903e+000  2.8112421435378954e-002  2.1287930126732260e+001  5.5931863238633639e-001  7.5562288844631220e-001  2.6682362177891765e-003  2.2608017404618965e+000  8.4088332551587763e-001  2.3867501172618356e-002  4.4596241718922797e-001
  1.4780618352496511e+000  3.0378499830034805e-002  2.8124041679109688e+001  5.9350388133508480e-001  3.1297282563965911e-002  1.8025071869213970e-003  2.1080376607673887e+000  2.8112418629353098e-002  2.1287837389903956e+001  5.5931857578440258e-001  7.5562284967648807e-001  2.6682215286341904e-003  2.2608017841846393e+000  8.4088351064177569e-001  2.3867473403733651e-002  4.4596099837291336e-001
  1.4780604070565366e+000  3.0378444639898413e-002  2.8123993295348679e+001  5.9350280987515758e-001  3.1297241550874405e-002  1.8025058904029764e-003  2.1080483205859171e+000  2.8112421229897766e-002  2.1287935676829175e+001  5.5931862824145995e-001  7.5562288986561077e-001  2.6682371543794020e-003  2.2608017814119390e+000  8.4088331637856573e-001  2.3867502543215145e-002  4.4596254328964879e-001
  1.3864403734689099e+000  2.4568259645444710e-002  2.2936283782419359e+001  4.8065976381005776e-001  2.7371591480781502e-002  1.7572574815153319e-003  3.5455869813381184e+000  2.8609406127996895e-002  3.4950337524253129e+001  5.6934601477865598e-001  7.6063915500099166e-001  4.7831460755000110e-003  2.2581825418124568e+000  8.7267357580805405e-001  1.9098963628791890e-002  3.6278618777546778e-001
  1.4808504985838489e+000  3.2489120032884330e-002  3.0299761237233561e+001  6.3412524335596632e-001  3.2213304852612021e-002  1.7801507011687430e-003  1.9096521705504852e+000  2.8032888583406024e-002  1.9401501829849455e+001  5.5771439228967701e-001  7.5515078085396015e-001  2.3791580167438868e-003  2.2501681201927917e+000  4.8343340879099617e-001  7.7484988681350564e-002  3.8228148062451400e-001
  1.4979538690301579e+000  3.2681133860746038e-002  3.0205217990298099e+001  6.3787891323680790e-001  3.2430520756050130e-002  1.8048441014740348e-003  1.9552332148457339e+000  2.8076273310589706e-002  1.9847050699965173e+001  5.5858948093050564e-001  7.5525505007219218e-001  2.4450617597592504e-003  2.2515179463167030e+000  5.0686633361353484e-001  7.3970049957969783e-002  2.7867378884179883e-001
  1.3756601440448823e+000  2.4278796813919524e-002  2.2786270122647089e+001  4.7502213608631305e-001  2.7159141510099967e-002  1.7439736939066717e-003  3.5364636358438748e+000  2.8590901015757231e-002  3.4859205948040596e+001  5.6897256061011525e-001  7.6062073770094285e-001  4.7702804864171375e-003  2.2575400555739682e+000  8.7200889186144137e-001  1.9198666220783790e-002  4.7350271914726189e-001
  1.4121466688331772e+000  2.5456233474307526e-002  2.3444564061037880e+001  4.9793807736781914e-001  2.8004771342842554e-002  1.7852322358494954e-003  3.4866076963594121e+000  2.8618022177287594e-002  3.4378952702327425e+001  5.6951989872504605e-001  7.6041732410542384e-001  4.6951462199121309e-003  2.2598352194879801e+000  8.6623548538961059e-001  2.0064677191558414e-002  2.6959981254838483e-001
  1.4780407815312102e+000  3.2481996928221783e-002  3.0330819765642005e+001  6.3397783690596565e-001  3.2187902457604396e-002  1.7757767832081485e-003  1.8999283334891999e+000  2.8024662585934834e-002  1.9306921379184704e+001  5.5754847454111989e-001  7.5512861733059389e-001  2.3650725049043780e-003  2.2498177862888462e+000  4.7697535383189571e-001  7.8453696925215644e-002  4.0398835136413302e-001
  1.4166951091840223e+000  2.6210651638363967e-002  2.4150418003494948e+001  5.1259050676524365e-001  2.8459972452202355e-002  1.7799868180061959e-003  3.2606583843086145e+000  2.8526784070944000e-002  3.2183274348892382e+001  5.6767865985843535e-001  7.5966486823185919e-001  4.3628010729806210e-003  2.2601049544989054e+000  8.3696296163878847e-001  2.4455555754181731e-002  2.8356257443479571e-001
  1.4786707508059671e+000  3.5951410046901319e-002  3.4095981796240785e+001  7.0062229929035058e-001  3.3494861603512005e-002  1.7338208025378457e-003  1.6391375183669616e+000  2.7901016562212222e-002  1.6827910129569045e+001  5.5505470352486874e-001  7.5455414854099956e-001  1.9856673340844788e-003  2.2343165481324552e+000  2.5346332172973307e-001  1.1198050174054004e-001  2.8621018731373327e-001
