  2.0358281437299848e+000  3.4280305531667755e-002  2.8169368228566025e+001  6.7051761839707791e-001  3.7604321435871807e-002  2.5935998888180836e-003  4.0011206658668694e+000  2.9370846194485045e-002  3.9684359117393370e+001  5.8471856554242585e-001  7.6162036978958714e-001  5.4228693366104169e-003  2.2957077691607664e+000  6.9738552144028410e-001  4.5392171783957380e-002  1.9191758868033584e-001
  1.7119834049248839e+000  3.4728843307551445e-002  2.9108342798893606e+001  6.7785738794920780e-001  3.5258172377973802e-002  2.1069000941051244e-003  2.5104166180353911e+000  2.8581063412072449e-002  2.5278660870302971e+001  5.6877402933721655e-001  7.5661765949580317e-001  3.2482468289761167e-003  2.2644670769559960e+000  6.5187409372560712e-001  5.2218885941158942e-002  1.3715644654632836e-001
  1.5048906421847374e+000  5.1419453464796060e-002  5.3573272636601594e+001  9.9996566925834884e-001  3.7587544091980424e-002  1.5736728793309838e-003  1.0356801901091064e+000  2.7470422650692106e-002  1.1077643421935006e+001  5.4637255502974114e-001  7.5323138356885289e-001  1.1109529646270190e-003  2.2788188782841483e+000  0.0000000000000000e+000  1.5000720958266373e-001  1.6875324256032789e-001
  1.4701569569544899e+000  5.1401350379699923e-002  5.5797198536350741e+001  9.9997996186662230e-001  3.6964458033869059e-002  1.5148453097277722e-003  9.7660442500144384e-001  2.7368885576810165e-002  1.0496733162821998e+001  5.4432577337361465e-001  7.5309939158506423e-001  1.0262975606125865e-003  2.2738941209465424e+000  0.0000000000000000e+000  1.5665083892545725e-001  2.2697268031585163e-001
  1.4710482376635541e+000  5.1402711023987267e-002  5.5738015150564181e+001  9.9999695885732054e-001  3.6980504845047349e-002  1.5163725808695558e-003  9.7814373286037437e-001  2.7371559252704403e-002  1.0511907592806363e+001  5.4437966666868043e-001  7.5310283936624589e-001  1.0285044429430151e-003  2.2740256146022637e+000  0.0000000000000000e+000  1.5647315383415256e-001  2.2446112161578249e-001
  1.4563774191796923e+000  4.5802855493491806e-002  4.7671804959513928e+001  8.9077218318996765e-001  3.5830220259158906e-002  1.5716620549627365e-003  1.1261327214074051e+000  2.7516334139880305e-002  1.1926275911750329e+001  5.4729810402696977e-001  7.5344201367302477e-001  1.2422855782921877e-003  2.2911219583833007e+000  0.0000000000000000e+000  1.5000045301625606e-001  2.5274438969906871e-001
  1.4559940537408846e+000  4.5421885636093895e-002  4.7125854262644943e+001  8.8336832017434064e-001  3.5750541219029291e-002  1.5762264817766542e-003  1.1386028183740713e+000  2.7527723812718063e-002  1.2045508870323765e+001  5.4752771962873936e-001  7.5347015797086847e-001  1.2603257912696224e-003  2.2924106835936371e+000  4.3179838193404541e-003  1.4935230242709893e-001  2.5492385360721870e-001
  1.4563784749024793e+000  4.5802598976207996e-002  4.7671390784283616e+001  8.9076715844629883e-001  3.5830197622682990e-002  1.5716671144145556e-003  1.1261422912044665e+000  2.7516342968425755e-002  1.1926367271354319e+001  5.4729828200930442e-001  7.5344203529761034e-001  1.2422994256035234e-003  2.2911229441799326e+000  2.4243703899973212e-007  1.4999996363444415e-001  2.5274617051519577e-001
  1.4740056101049039e+000  4.8465932830457421e-002  5.0758866114525723e+001  9.4252963648813981e-001  3.6588894224009322e-002  1.5641902714228241e-003  1.0718901107111503e+000  2.7479953087731435e-002  1.1414094542622292e+001  5.4656467971220657e-001  7.5331735451812498e-001  1.1636612206046663e-003  2.2843743715636577e+000  0.0000000000000000e+000  1.5124308404609021e-001  2.0683501062988283e-001
  1.4783602303336492e+000  4.9926754733420960e-002  5.2809389643058566e+001  9.7102421390652927e-001  3.6896832398948344e-002  1.5506176444328927e-003  1.0344281346866726e+000  2.7443658422668937e-002  1.1055922865408309e+001  5.4583302279531587e-001  7.5323127316989436e-001  1.1095375559960971e-003  2.2800428392599712e+000  0.0000000000000000e+000  1.5274879906355743e-001  2.0164349778604262e-001
  1.4871077569485733e+000  5.0356382531937069e-002  5.2963498403808238e+001  9.7934838747951725e-001  3.7113836646099164e-002  1.5591711049944854e-003  1.0368204719896088e+000  2.7454671276046616e-002  1.1082245099977422e+001  5.4605502597956601e-001  7.5323585941025040e-001  1.1128575019505801e-003  2.2798386606393799e+000  0.0000000000000000e+000  1.5175427464215421e-001  1.8833698824632006e-001
  1.4590924037087123e+000  4.6970256036479259e-002  4.9289506840922542e+001  9.1347723008068549e-001  3.6088533790664491e-002  1.5600916197191787e-003  1.0921742246365636e+000  2.7485886848704899e-002  1.1602309669010987e+001  5.4668429967477650e-001  7.5336490879423301e-001  1.1931909739688051e-003  2.2874146863225984e+000  0.0000000000000000e+000  1.5157804942427949e-001  2.4266924087534308e-001
  1.4647411319812238e+000  4.9790399671995014e-002  5.3439131231693452e+001  9.6848721050191822e-001  3.6642319203186599e-002  1.5293892007087141e-003  1.0141557836781327e+000  2.7407858774828098e-002  1.0855854164669129e+001  5.4511137015103728e-001  7.5318617442410896e-001  1.0805015597394572e-003  2.2785262789776315e+000  0.0000000000000000e+000  1.5517090831492295e-001  2.3309265701714199e-001
  1.4716550557764667e+000  5.0109120984800817e-002  5.3524480172605749e+001  9.7465344659886832e-001  3.6808629290026394e-002  1.5365721657019304e-003  1.0170344180723685e+000  2.7417626636464076e-002  1.0886227775708720e+001  5.4530826912361796e-001  7.5319207450906633e-001  1.0845514021494071e-003  2.2784574538499993e+000  0.0000000000000000e+000  1.5432126967164947e-001  2.1607890452117731e-001
  1.4577185384404650e+000  4.5968628906073582e-002  4.7849039969345448e+001  8.9398810171692722e-001  3.5882388601940061e-002  1.5716439911364112e-003  1.1231337213216701e+000  2.7514850961086967e-002  1.1898214423069771e+001  5.4726820335618420e-001  7.5343513575847876e-001  1.2379314343792629e-003  2.2907276023651706e+000  0.0000000000000000e+000  1.5004501761343408e-001  2.4775374951721363e-001
  1.4984938823278324e+000  5.0982057964375528e-002  5.3265248149010148e+001  9.9147754026769996e-001  3.7408200287748446e-002  1.5692935014516231e-003  1.0378624332407576e+000  2.7466817593970294e-002  1.1096412252111282e+001  5.4629988092804282e-001  7.5323705184826073e-001  1.1141881823807723e-003  2.2793665476005329e+000  0.0000000000000000e+000  1.5054472696639895e-001  1.7478145255331681e-001
  1.4616940008353037e+000  4.8213570844643006e-002  5.1077209412649459e+001  9.3770245548195863e-001  3.6343967585837716e-002  1.5469598319515303e-003  1.0570303238782390e+000  2.7452098748222076e-002  1.1266363512121805e+001  5.4600316732905974e-001  7.5328461586258089e-001  1.1424026541228191e-003  2.2834775022474867e+000  0.0000000000000000e+000  1.5319490475227029e-001  2.3636232207056651e-001
  1.4656927101681796e+000  4.8655524528256118e-002  5.1541194001141264e+001  9.4629903456724762e-001  3.6482126835939786e-002  1.5474493966185631e-003  1.0506392915979319e+000  2.7449092772882766e-002  1.1206727119864489e+001  5.4594257113263289e-001  7.5326963449339712e-001  1.1331194450341572e-003  2.2825430499099193e+000  0.0000000000000000e+000  1.5314404973357806e-001  2.2607403348176944e-001
  1.4570363013503644e+000  4.6357082641160050e-002  4.8468236368901565e+001  9.0155053947180896e-001  3.5944692168114696e-002  1.5651419927453474e-003  1.1085707172347643e+000  2.7500017418260247e-002  1.1758445376167700e+001  5.4696916364429171e-001  7.5340226221502371e-001  1.2169019360870510e-003  2.2892648708639949e+000  0.0000000000000000e+000  1.5088957108084036e-001  2.4970512174335405e-001
  1.4622171703775311e+000  4.7652535457120469e-002  5.0167967039888666e+001  9.2675404386922089e-001  3.6257928992833095e-002  1.5557933724068217e-003  1.0759008826233440e+000  2.7472388566400552e-002  1.1447608360319801e+001  5.4641218590283991e-001  7.5332760484034655e-001  1.1696369718452587e-003  2.2854907998479885e+000  0.0000000000000000e+000  1.5215090468832071e-001  2.3375975239513513e-001
  1.4576308521191275e+000  4.6501606952942622e-002  4.8655500155750417e+001  9.0435972430473788e-001  3.5980653919179748e-002  1.5641410434800533e-003  1.1048763696202624e+000  2.7497014852546187e-002  1.1723273757060136e+001  5.4690863335806483e-001  7.5339384219532168e-001  1.2115516561029827e-003  2.2888444684584175e+000  0.0000000000000000e+000  1.5103583721954103e-001  2.4762272868782734e-001
  1.4620480517892567e+000  4.8343695659495353e-002  5.1262323194537394e+001  9.4023937905407329e-001  3.6371098481544566e-002  1.5457076707984482e-003  1.0536023524296656e+000  2.7448746777553490e-002  1.1233637498825232e+001  5.4593559636924738e-001  7.5327675512436088e-001  1.1374507299235816e-003  2.2830844389640781e+000  0.0000000000000000e+000  1.5334159804674849e-001  2.3561268275685174e-001
  1.4800035379115197e+000  5.0243932473628600e-002  5.3219960281242074e+001  9.7721151429647579e-001  3.6973387988404736e-002  1.5488020101759295e-003  1.0277736748865198e+000  2.7437759772955816e-002  1.0992537661677618e+001  5.4571411553331828e-001  7.5321586313051936e-001  1.0999215541373231e-003  2.2792097160769229e+000  0.0000000000000000e+000  1.5292759541865752e-001  1.9952885469295401e-001
  1.4596762871157281e+000  4.7228097805394706e-002  4.9653710530171409e+001  9.1849797022815949e-001  3.6143469258325941e-002  1.5574659631142154e-003  1.0848334807575579e+000  2.7478942902482206e-002  1.1532181794572713e+001  5.4654431523950464e-001  7.5334816412979821e-001  1.1825702959582934e-003  2.2866002299922874e+000  0.0000000000000000e+000  1.5191540405298992e-001  2.4099988275861994e-001
  1.4646953327961341e+000  4.9473344976071358e-002  5.2922060774918727e+001  9.6228816969881981e-001  3.6593857918546774e-002  1.5339318849638532e-003  1.0235923051368410e+000  2.7418442127047582e-002  1.0946550637373731e+001  5.4532470773536801e-001  7.5320782585425150e-001  1.0941157000173979e-003  2.2795969133169520e+000  0.0000000000000000e+000  1.5467399518405128e-001  2.3179812862242460e-001
  1.4601658523892347e+000  4.6756396107725529e-002  4.8904728395619621e+001  9.0930574293757094e-001  3.6066872121277668e-002  1.5648792942804740e-003  1.1013500203400977e+000  2.7496174251918193e-002  1.1690613321502111e+001  5.4689168728384097e-001  7.5338562661517317e-001  1.2064189869962286e-003  2.2883144262726134e+000  0.0000000000000000e+000  1.5099173450634895e-001  2.3921199632211415e-001
  1.4601427702316716e+000  4.7426097746265196e-002  4.9933576311524000e+001  9.2235398901449628e-001  3.6185505048762362e-002  1.5554763854396820e-003  1.0792793720108786e+000  2.7473761046049150e-002  1.1479121049909301e+001  5.4643985374989335e-001  7.5333548461119237e-001  1.1745455987339365e-003  2.2859820038718395e+000  0.0000000000000000e+000  1.5216577347876509e-001  2.3971138239895254e-001
  1.4930796957528309e+000  5.0784358534108127e-002  5.3278409712134419e+001  9.8765976241016695e-001  3.7283018427603801e-002  1.5630668884612253e-003  1.0344669440350902e+000  2.7457875105896035e-002  1.1061865800213486e+001  5.4611961099897677e-001  7.5322983779201713e-001  1.1093743024372625e-003  2.2792623119067223e+000  0.0000000000000000e+000  1.5125905247076282e-001  1.8089619382655367e-001
  1.4643320855789759e+000  4.9344943399244383e-002  5.2734740719457051e+001  9.5978119669118356e-001  3.6568056177891710e-002  1.5351767328750166e-003  1.0268335543874620e+000  2.7421769062813350e-002  1.0977542853861637e+001  5.4539177204821954e-001  7.5321529260845110e-001  1.0987953164959298e-003  2.2799864232263420e+000  0.0000000000000000e+000  1.5453722979481613e-001  2.3230486712610046e-001
  1.4687538332392578e+000  4.8883726900064664e-002  5.1722081842467105e+001  9.5072696404872503e-001  3.6570109692218758e-002  1.5493712101931692e-003  1.0491242315422866e+000  2.7450439681517391e-002  1.1193432154424247e+001  5.4596972287710521e-001  7.5326587550545754e-001  1.1308864337647544e-003  2.2822017839626518e+000  0.0000000000000000e+000  1.5292721809521240e-001  2.1897233320382611e-001
  1.4963311880204884e+000  5.1133381359428291e-002  5.3638803479967876e+001  9.9445722649390067e-001  3.7392107296620965e-002  1.5634653699850389e-003  1.0296770584411092e+000  2.7455539886213076e-002  1.1016949756021765e+001  5.4607253600454975e-001  7.5321852105938880e-001  1.1024246359122233e-003  2.2785667193094086e+000  0.0000000000000000e+000  1.5117217083050885e-001  1.7760349253012303e-001
  1.4591481135733799e+000  4.6918391159506016e-002  4.9207289400481280e+001  9.1246684303017556e-001  3.6080085608625814e-002  1.5609081277031889e-003  1.0939920932386080e+000  2.7487777108729405e-002  1.1619724728039397e+001  5.4672240597789212e-001  7.5336902899840574e-001  1.1958143190553272e-003  2.2876034170383956e+000  0.0000000000000000e+000  1.5147662374341231e-001  2.4247910438188833e-001
  1.4711488734411957e+000  4.8814452895655211e-002  5.1470661606176996e+001  9.4935461888477646e-001  3.6598924508641030e-002  1.5544170299747863e-003  1.0556604386924189e+000  2.7459883438159860e-002  1.1257075821566978e+001  5.4616009645336661e-001  7.5328057169864004e-001  1.1402804385371862e-003  2.2827792793352542e+000  0.0000000000000000e+000  1.5235519565152542e-001  2.1334038793286453e-001
  1.4630427659678136e+000  4.9243331895629558e-002  5.2648305083176645e+001  9.5780482250851851e-001  3.6530713651196464e-002  1.5344516773888347e-003  1.0275952841828175e+000  2.7421403485775153e-002  1.0984341793911209e+001  5.4538440274207289e-001  7.5321716340705558e-001  1.0999107767791852e-003  2.2801424951879694e+000  0.0000000000000000e+000  1.5462319916943901e-001  2.3572944255870076e-001
  1.4886631796227960e+000  5.1165206528564766e-002  5.4175838622818397e+001  9.9515990279398181e-001  3.7260927659994600e-002  1.5500055398016085e-003  1.0154449632775826e+000  2.7431731013531246e-002  1.0877167773698250e+001  5.4559258617485717e-001  7.5318668645928388e-001  1.0820100705053702e-003  2.2773682085744733e+000  0.0000000000000000e+000  1.5269038480276800e-001  1.8811844479229697e-001
  1.4571137366281970e+000  4.6224173758876920e-002  4.8263945724427131e+001  8.9896323292553315e-001  3.5921187042618395e-002  1.5671072703869542e-003  1.1132028678766659e+000  2.7504552746945965e-002  1.1802900700328120e+001  5.4706059403303264e-001  7.5341274741176645e-001  1.2236003816023314e-003  2.2897417812160308e+000  0.0000000000000000e+000  1.5063388942882622e-001  2.4955632476828576e-001
  1.4567692672977164e+000  4.6144720581648084e-002  4.8162622502497214e+001  8.9741942229452099e-001  3.5901072093710032e-002  1.5676240748630028e-003  1.1152161808168977e+000  2.7506114257168868e-002  1.1822028835013574e+001  5.4709207353984901e-001  7.5341733076434525e-001  1.2265158976564224e-003  2.2899753252214974e+000  0.0000000000000000e+000  1.5055622208765407e-001  2.5086158721766438e-001
  1.4601122522087966e+000  4.8029140424784518e-002  5.0878353703656437e+001  9.3411548312046533e-001  3.6287621200597191e-002  1.5468953981771264e-003  1.0598734808039652e+000  2.7453571297375357e-002  1.1292960142376932e+001  5.4603285189468131e-001  7.5329125873663760e-001  1.1465303003987196e-003  2.2838863930813074e+000  0.0000000000000000e+000  1.5319740405450374e-001  2.4093274921763344e-001
  1.4651941068701977e+000  4.7833856324039456e-002  5.0280394218248283e+001  9.3026855158151978e-001  3.6337174229370522e-002  1.5582768214815281e-003  1.0757100812701914e+000  2.7475167664582356e-002  1.1447062638635886e+001  5.4646820984181410e-001  7.5332689253232787e-001  1.1693146607218291e-003  2.2852928560140513e+000  0.0000000000000000e+000  1.5187991082136448e-001  2.2579184889353326e-001
  1.4598590139328040e+000  4.7314405353425910e-002  4.9776537686170876e+001  9.2017862324563127e-001  3.6161560529109758e-002  1.5565650147456407e-003  1.0823688931673079e+000  2.7476584631121348e-002  1.1508628589332202e+001  5.4649677457894263e-001  7.5334254046496985e-001  1.1790096075315615e-003  2.2863261331070279e+000  0.0000000000000000e+000  1.5202874556310517e-001  2.4048890451829305e-001
  1.4651621618169111e+000  4.9624324071136511e-002  5.3140171289135175e+001  9.6523644526258556e-001  3.6624769275025684e-002  1.5325316177209390e-003  1.0198736356053075e+000  2.7414627545162329e-002  1.0910986404022610e+001  5.4524781372782982e-001  7.5319924985317321e-001  1.0887438606485556e-003  2.2791528058881347e+000  0.0000000000000000e+000  1.5482627784547551e-001  2.3112927293162963e-001
  1.4616839546126195e+000  4.8736335964341203e-002  5.1911242961778726e+001  9.4791086998379126e-001  3.6428677367980951e-002  1.5394534726578004e-003  1.0406567952299994e+000  2.7434500173420640e-002  1.1109136857661511e+001  5.4564840755821287e-001  7.5324719429931053e-001  1.1187746664626033e-003  2.2816765357351692e+000  0.0000000000000000e+000  1.5406272166959914e-001  2.3797916515791773e-001
  1.4599653911314350e+000  4.8008127765993183e-002  5.0853822106069359e+001  9.3370643274130471e-001  3.6281739968699073e-002  1.5469455076278953e-003  1.0602605015933868e+000  2.7453839998768936e-002  1.1296609972823315e+001  5.4603826854980042e-001  7.5329215598459565e-001  1.1470910969683633e-003  2.2839381797784846e+000  0.0000000000000000e+000  1.5319081326943132e-001  2.4135456402697211e-001
  1.4576115372119118e+000  4.6603247781974860e-002  4.8811135167392493e+001  9.0633894119659519e-001  3.5998940970622346e-002  1.5626965166717242e-003  1.1014302118544794e+000  2.7493602133462858e-002  1.1690200275452431e+001  5.4683983479120357e-001  7.5338603335912491e-001  1.2065766649656702e-003  2.2884826404669742e+000  0.0000000000000000e+000  1.5122253369511296e-001  2.4767949623518457e-001
  1.4563860377864823e+000  4.5811871211281940e-002  4.7684824572292506e+001  8.9094753016009975e-001  3.5832090575305876e-002  1.5715531649121912e-003  1.1258375872689399e+000  2.7516059721396147e-002  1.1923457413953093e+001  5.4729257178662039e-001  7.5344134689882480e-001  1.2418585603563882e-003  2.2910916947661581e+000  0.0000000000000000e+000  1.5001571693245278e-001  2.5269699829495040e-001
  1.4717103163649206e+000  5.0498975877370476e-002  5.4166330701555879e+001  9.8228371940694692e-001  3.6866594420648435e-002  1.5309377517901974e-003  1.0055424511564688e+000  2.7404586320358026e-002  1.0775727877478259e+001  5.4504540496255771e-001  7.5316571395421783e-001  1.0679873679373640e-003  2.2771535019982978e+000  0.0000000000000000e+000  1.5492751091172421e-001  2.1769691423032880e-001
  1.4575338890357026e+000  4.6689070729329797e-002  4.8946075990439610e+001  9.0801081197630307e-001  3.6013293128978330e-002  1.5613714648247527e-003  1.0984190627944646e+000  2.7490534735502559e-002  1.1661340562400270e+001  5.4677799790598947e-001  7.5337921355021720e-001  1.2022309959500328e-003  2.2881733647442108e+000  0.0000000000000000e+000  1.5139085551042702e-001  2.4794937277995344e-001
  1.4970907397489175e+000  5.0911075121537842e-002  5.3237409011704166e+001  9.9010144938877642e-001  3.7372412478680651e-002  1.5679639826211898e-003  1.0375893931506344e+000  2.7465143787702928e-002  1.1093290022229750e+001  5.4626613886409814e-001  7.5323657595385141e-001  1.1138158212273819e-003  2.2794075972432823e+000  0.0000000000000000e+000  1.5070225383212052e-001  1.7628746692556749e-001
  1.4725778615043716e+000  5.0639210288560874e-002  5.4342616803234606e+001  9.8501871210067260e-001  3.6901872065423558e-002  1.5303624297321140e-003  1.0029615216626997e+000  2.7402419636555431e-002  1.0751199431468308e+001  5.4500172969422778e-001  7.5315969535893390e-001  1.0642531811139895e-003  2.2768084725697157e+000  0.0000000000000000e+000  1.5497489533499459e-001  2.1622405220780769e-001
  1.4651855208809286e+000  4.7852741821698720e-002  5.0310008057094144e+001  9.3063690519202724e-001  3.6340236752688375e-002  1.5579979369475792e-003  1.0750968220245767e+000  2.7474537797418375e-002  1.1441179050272869e+001  5.4645551231400447e-001  7.5332549636839585e-001  1.1684296645020111e-003  2.2852277587987233e+000  0.0000000000000000e+000  1.5191213222400177e-001  2.2582160902470003e-001
