 -2.9443897232731482e+000 -5.5595045720300540e+000 -2.8141219295661726e+000 -3.6509448093450656e+000  2.3379273852580376e+000  4.8379507082537003e+001  6.7873264321761761e-001  1.3059308056797794e+000  1.0000000000000000e+000                      Inf
 -1.7659137539769176e+000  4.5859834614545747e+000 -5.6380111885281448e+000 -4.5317828606985868e+000  2.9681223702461748e+000  3.2012328697176656e+001  7.2232222983063576e-001  9.7229738633660756e-001  1.0000000000000000e+000                      Inf
  7.1984579039304508e+000  7.0000000000000000e+000 -4.1139424718026447e+000 -3.4524019802109982e+000  1.4563780719382287e+000  6.6666197870668498e+000  8.9077768433063820e-001  2.5274668912519804e-001  1.0000000000000000e+000                      Inf
  6.6336886713644683e+000  6.6529787803334024e+000 -4.1989791965610275e+000 -3.5193248233641485e+000  1.5048507906368966e+000  6.6663195505517265e+000  9.9987768986640757e-001  1.6878432885647415e-001  1.0000000000000000e+000                      Inf
  6.4900719506124744e+000  7.0000000000000000e+000 -4.2192503831556145e+000 -3.4339050378315505e+000  1.4701473309946376e+000  6.3837256399364355e+000  9.9992284313571000e-001  2.2698425903327174e-001  1.0000000000000000e+000                      Inf
  8.5206936848682560e+000  6.1732381437804573e+000 -3.3004679728655271e+000  5.4940517959312096e-002  2.3431806576046355e+000  2.2918995988676201e+001  6.9756349128198436e-001  1.1195846685585196e+000  1.0000000000000000e+000  1.3709195203541142e+000
  6.2268409157132885e+000  6.4229207682784715e+000 -3.7750547177303657e+000 -3.3249468067512180e+000  2.0840493377325675e+000  9.9668357304623694e+000  7.6090781994450629e-001  7.9570146593239710e-001  1.0000000000000000e+000  7.0849907314063876e-001
  6.1327680890037195e+000  7.0000000000000000e+000 -3.8745678659901013e+000 -3.5246632670847471e+000  1.8109443698178387e+000  8.4109433965885643e+000  7.6446208196182741e-001  6.6887771231788951e-001  1.0000000000000000e+000  3.5272344286070834e-001
  6.1359626065979285e+000  6.4223036759623131e+000 -3.9081044239675116e+000 -3.3271384689994923e+000  1.6853783632297423e+000  8.2821728349584713e+000  7.8536807323323687e-001  3.6419498880601686e-001  1.0000000000000000e+000  3.0414649520770859e-001
  6.7043720143419971e+000  6.2699334965076865e+000 -3.9728206016602781e+000 -3.3649508777801174e+000  1.8476805825304881e+000  8.1920102768441954e+000  8.5073515899945240e-001  4.6215996946287036e-001  1.0000000000000000e+000  2.6985381095669381e-001
  6.0667939790691703e+000  7.0000000000000000e+000 -3.9656241830747829e+000 -3.3748196629566456e+000  2.0359576039969216e+000  7.9538624389284847e+000  8.3714714675914770e-001  8.7189976229910593e-001  1.0000000000000000e+000  2.4050512173044120e-001
  6.5291388318543726e+000  7.0000000000000000e+000 -4.0570654592918709e+000 -3.4737505488256573e+000  1.7131495450666736e+000  7.1465542790228085e+000  8.6873164985824503e-001  5.2594595212498962e-001  1.0000000000000000e+000  2.3948623590214871e-001
  6.7178037008057974e+000  6.9842943845419310e+000 -3.9865793771824274e+000 -3.3757913919659224e+000  1.9436038748491564e+000  7.7388005903140513e+000  8.4160028805300735e-001  7.6980721050140555e-001  1.0000000000000000e+000  2.3849671128754091e-001
  6.0272229657437526e+000  6.5897414368129636e+000 -3.9137901365650172e+000 -3.0087422512785440e+000  1.8054934877252922e+000  8.2400680670619142e+000  7.9411375007413687e-001  5.3265859588888764e-001  1.0000000000000000e+000  2.2924373085106775e-001
  6.2306812618355654e+000  6.5177745731058536e+000 -3.9426565272867506e+000 -3.3191227790852089e+000  1.7817652718942403e+000  8.0611605598601948e+000  8.1173837301758800e-001  4.8098056757863716e-001  1.0000000000000000e+000  2.0254816979421100e-001
  6.5403726639899471e+000  6.9907690555852451e+000 -4.0847129273233991e+000 -3.4130216687821826e+000  1.6679722847485179e+000  6.9892072280463271e+000  8.8684750027335424e-001  4.7037006791226021e-001  1.0000000000000000e+000  1.9930347297573531e-001
  6.0921959386817131e+000  7.0000000000000000e+000 -3.9524346145670446e+000 -3.5241776646059195e+000  1.9925178403158936e+000  7.9955557037531042e+000  8.2476796765905513e-001  8.3166040739031277e-001  1.0000000000000000e+000  1.9056188442975125e-001
  7.2018036939687864e+000  6.9999999999999991e+000 -4.1139282095647074e+000 -3.4521305824037967e+000  1.4564173971049916e+000  6.6667083099445676e+000  8.9076907665928751e-001  2.5278998759554300e-001  1.0000000000000000e+000  1.0776326735181940e-001
  5.9703624846183301e+000  6.9674092309138080e+000 -3.9812312944327775e+000 -3.7508043967376752e+000  1.9726300504520413e+000  7.8036843498141790e+000  8.4137800139977692e-001  7.9517364509337896e-001  1.0000000000000000e+000  7.4112769653285698e-002
  6.5358999785450322e+000  6.9564436822324733e+000 -4.1459451145853716e+000 -3.4712301378669941e+000  1.4617188019116358e+000  6.5831361128465238e+000  9.2282719787685497e-001  2.3495823842254351e-001  1.0000000000000000e+000  4.4460027601488164e-002
  6.6321082173930028e+000  6.9703022684337164e+000 -4.1352579191584891e+000 -3.6488252324406427e+000  1.4597279552919546e+000  6.6091407228875703e+000  9.1181875383211597e-001  2.4062283414236812e-001  1.0000000000000000e+000  4.3519893923569024e-002
  6.5560022272853651e+000  6.9904535039395199e+000 -4.0874889179259979e+000 -3.4186127571080909e+000  1.6774107241456568e+000  6.9879269817668206e+000  8.9013363712986204e-001  4.7892905175350470e-001  1.0000000000000000e+000  4.0733546994018210e-002
  6.6142604826132674e+000  6.6631429885206401e+000 -4.1969824307208183e+000 -3.5198922468532015e+000  1.5027711870673359e+000  6.6598870024279568e+000  9.9668553411463412e-001  1.7064722495129567e-001  1.0000000000000000e+000  3.8890013465625609e-002
  6.3783817749061473e+000  6.7032730943908625e+000 -4.1871337474086330e+000 -3.1503035619262767e+000  1.4944641179386440e+000  6.6418304856205541e+000  9.8198085504492971e-001  1.7860508762066826e-001  1.0000000000000000e+000  3.6264044129492745e-002
  6.8913902849998374e+000  7.0000000000000000e+000 -4.1545153245454909e+000 -3.4664571425686428e+000  1.4594804312797793e+000  6.5397537676578361e+000  9.2940385738176667e-001  2.4240656365089283e-001  1.0000000000000000e+000  3.3795437213336922e-002
  6.2252969987505544e+000  6.7816425529612987e+000 -4.1694976571700328e+000 -3.0825416741661780e+000  1.4812683439099330e+000  6.6193630483022705e+000  9.5689466333206075e-001  1.9520354892214997e-001  1.0000000000000000e+000  3.2425933162159901e-002
  6.3425629130092664e+000  6.8036752835788263e+000 -4.1658377384632939e+000 -3.0670333869937534e+000  1.4781517913184743e+000  6.6132332648365724e+000  9.5151681897383511e-001  1.9993222027477667e-001  1.0000000000000000e+000  3.2004916169924846e-002
  6.8731080777776512e+000  6.9032222490881976e+000 -4.2012109723906512e+000 -3.5192904652257191e+000  1.4746536184191719e+000  6.4713957603171970e+000  9.8443238041114600e-001  2.1136976266613369e-001  1.0000000000000000e+000  2.9090865856145891e-002
  6.9233545152104066e+000  6.8875693640342543e+000 -4.2036269792258629e+000 -3.7402625982739774e+000  1.4767002908644284e+000  6.4754287902785643e+000  9.8816959020747130e-001  2.0782899830345680e-001  1.0000000000000000e+000  2.8671440773509679e-002
  6.5253468923229603e+000  6.9975201244064928e+000 -4.1595373588462872e+000 -3.4722789916625754e+000  1.4602364217188126e+000  6.5267382665418321e+000  9.3459787060847876e-001  2.4061966323081121e-001  1.0000000000000000e+000  2.7882746678414779e-002
  6.8963985523354951e+000  6.9089279604099536e+000 -4.1789256397474039e+000 -3.7347816539821146e+000  1.4699388020682826e+000  6.5186781759591659e+000  9.5930181599142594e-001  2.1736473336382300e-001  1.0000000000000000e+000  2.7350504418124987e-002
  6.5717264651580960e+000  6.9315778333134439e+000 -4.1466682552276399e+000 -3.4035896994396713e+000  1.4636707430594782e+000  6.5925143436133409e+000  9.2471206269395856e-001  2.2945883183355448e-001  1.0000000000000000e+000  2.6753862213353213e-002
  6.9331058832693877e+000  6.9121887492734864e+000 -4.1613502324279743e+000 -3.7189820751396367e+000  1.4670254358054162e+000  6.5614569932839730e+000  9.4055083829686570e-001  2.2199427562161408e-001  1.0000000000000000e+000  2.6619502903594796e-002
  6.3764904737374195e+000  6.7094658333003627e+000 -4.1769777052717334e+000 -3.1703083957318778e+000  1.4913856754279080e+000  6.6576476695909683e+000  9.7003440291484788e-001  1.8143971477080767e-001  1.0000000000000000e+000  2.6445991714716940e-002
  6.4788426343503653e+000  6.9933770856255491e+000 -4.2125412345600104e+000 -3.4447403320470125e+000  1.4692061713772908e+000  6.4006178953677644e+000  9.9242729015802666e-001  2.2712219037355583e-001  1.0000000000000000e+000  2.6266268135861543e-002
  6.5232022197468487e+000  6.7549445705283198e+000 -4.1835307583028776e+000 -3.1792414308749399e+000  1.4870286284572198e+000  6.6072333858986161e+000  9.7409081075649961e-001  1.8781645687444667e-001  1.0000000000000000e+000  2.5689794642234122e-002
  6.8817822621398550e+000  6.9031076212140370e+000 -4.1835838336053346e+000 -3.7184578287064962e+000  1.4712635353822174e+000  6.5107573760216377e+000  9.6468679994448103e-001  2.1517051718253671e-001  1.0000000000000000e+000  2.4998130434933367e-002
  6.3731716765722437e+000  6.7637792851997274e+000 -4.1975532708015209e+000 -3.1325489821831751e+000  1.4890510330141646e+000  6.5716981134905739e+000  9.8945889418965072e-001  1.8667932244334465e-001  1.0000000000000000e+000  2.1997795944833053e-002
  6.9806516944780901e+000  6.9910361008929076e+000 -4.1700627214145900e+000 -3.4879957562017663e+000  1.4620030926446128e+000  6.5012271053755146e+000  9.4572480659293490e-001  2.3662490366760500e-001  1.0000000000000000e+000  2.1259951712661568e-002
  6.8825943111360406e+000  6.9051395323468370e+000 -4.1854936718512459e+000 -3.7183568467497303e+000  1.4714063743340295e+000  6.5051916895953399e+000  9.6666319594769590e-001  2.1515393124011314e-001  1.0000000000000000e+000  2.0522462342982009e-002
  6.9854949082776026e+000  6.9912998516900240e+000 -4.1709954595640175e+000 -3.4913341585129398e+000  1.4621150800693683e+000  6.4986798357673532e+000  9.4668940745085750e-001  2.3645608231992424e-001  1.0000000000000000e+000  1.9962570427240242e-002
  6.8880123395639377e+000  6.9116284283522829e+000 -4.1743155429724652e+000 -3.7398334416343388e+000  1.4689690570194602e+000  6.5285078150610083e+000  9.5420927956389168e-001  2.1893525098265662e-001  1.0000000000000000e+000  1.9327692556790475e-002
  6.9437581196073666e+000  6.9061589343589684e+000 -4.1585464412791371e+000 -3.7219401802675658e+000  1.4671737100902447e+000  6.5720393212199069e+000  9.3798252446262287e-001  2.2140028532324274e-001  1.0000000000000000e+000  1.7937928954544456e-002
  6.6273405901570781e+000  6.9707127029300624e+000 -4.1259872225207461e+000 -3.6400926622881267e+000  1.4589836617115712e+000  6.6381986640316981e+000  9.0301629404737849e-001  2.4303372559415737e-001  1.0000000000000000e+000  1.7821772404122502e-002
  7.2134933793906377e+000  7.0000000000000000e+000 -4.1945892125283990e+000 -3.1775432807384547e+000  1.4651579336433975e+000  6.4369539360134693e+000  9.7169912127276226e-001  2.3270126579271169e-001  1.0000000000000000e+000  1.7807317646619934e-002
  6.7637494861138894e+000  7.0000000000000000e+000 -4.2004758210859929e+000 -3.7018275349279852e+000  1.4662462873272948e+000  6.4235839829738675e+000  9.7827999208002903e-001  2.3131979249240203e-001  1.0000000000000000e+000  1.7772674109034811e-002
  6.6095382540595580e+000  6.9455994295671948e+000 -4.1305005432848798e+000 -3.3896941550382604e+000  1.4611082403633886e+000  6.6346684510465117e+000  9.0835167243312498e-001  2.3638364002025342e-001  1.0000000000000000e+000  1.6982997366371076e-002
  7.1629094592231120e+000  6.9505018550862463e+000 -4.1265777896451592e+000 -3.6037233869127849e+000  1.4604487998357567e+000  6.6449214226403068e+000  9.0442505494298731e-001  2.3842427229021959e-001  1.0000000000000000e+000  1.5922432100639192e-002
  7.2078883971492447e+000  7.0000000000000000e+000 -4.1171219064576281e+000 -3.4536435590610859e+000  1.4565350988611392e+000  6.6557853834701808e+000  8.9366063043609001e-001  2.5191947280029214e-001  1.0000000000000000e+000  1.5050775036697913e-002
  7.1729947026516481e+000  6.9869396873999747e+000 -4.1216580654801556e+000 -3.4524131257932318e+000  1.4576386598811126e+000  6.6457183691197059e+000  8.9833961402675810e-001  2.4778035481769178e-001  1.0000000000000000e+000  1.5048002789158211e-002
