 -5.0097351291774572e-001  6.7882197498083165e+000 -3.2798616156397822e+000 -1.1544512194260266e+000 -2.0329893522332432e+000  2.1890205007987058e+000  2.3366545036835824e+001  6.7513811350005104e-001  1.1271098564385180e+000  1.0000000000000000e+000                      Inf
 -5.9252608272600982e-001  6.7569833017292149e+000 -3.3521990323486750e+000 -1.1546976329380587e+000 -2.0301282125648887e+000  4.1136267221098786e+000  2.2088149893742123e+001  8.7268363981744645e-001  3.0359195303596263e+000  1.0000000000000000e+000                      Inf
 -2.4879727170201696e-001  7.0000000000000000e+000 -4.2193193848240611e+000 -9.6964586479978210e-001 -2.1568667238095496e+000  1.4701568156014635e+000  6.3835633327183459e+000  9.9999820576380349e-001  2.2694356713540551e-001  1.0000000000000000e+000                      Inf
 -2.8366715061238018e-001  6.6527067563699207e+000 -4.1990449958909961e+000 -1.0737937251589855e+000 -2.1458047570863314e+000  1.5049012762510037e+000  6.6664174054247063e+000  9.9997145270381727e-001  1.6870973781816637e-001  1.0000000000000000e+000                      Inf
 -2.3631557290529132e-001  7.0000000000000000e+000 -4.1139280375133005e+000 -9.9627660640202065e-001 -2.2049378750508435e+000  1.4563738670527140e+000  6.6666463622743439e+000  8.9076228616159747e-001  2.5271592584150060e-001  1.0000000000000000e+000                      Inf
 -5.8117706598379382e-001  6.7756230616299558e+000 -3.5200829015636526e+000 -1.1525271005564490e+000 -2.0324649995752475e+000  4.0897834451544659e+000  1.6531129928634257e+001  8.8912204418581098e-001  2.9782019112117095e+000  1.0000000000000000e+000  2.3537287544910037e+000
 -2.6789157755649728e-001  7.0000000000000000e+000 -4.1323823798390871e+000 -9.9673162652344105e-001 -2.2097697688365492e+000  1.4575133861858633e+000  6.6059175433767292e+000  9.0784829099096920e-001  2.4795746927238504e-001  1.0000000000000000e+000  3.2393332032838319e-002
 -2.4780442564073776e-001  6.9977813497032635e+000 -4.1977955811191876e+000 -9.6280287722419589e-001 -2.1986707889962949e+000  1.4659114996075737e+000  6.4306041945776382e+000  9.7538200749689408e-001  2.3144526311923475e-001  1.0000000000000000e+000  2.6439183169505401e-002
 -2.3867241961351862e-001  6.9954227241649249e+000 -4.1250252822164954e+000 -9.9015793217496129e-001 -2.2084951733495624e+000  1.4572992172772796e+000  6.6312961217850068e+000  9.0111710795527444e-001  2.4880635737597151e-001  1.0000000000000000e+000  2.2121327439585236e-002
 -8.9908749905529550e-002  6.9751471912290928e+000 -4.1425903974058569e+000 -7.8567173320879713e-001 -2.3877871003301010e+000  1.4600274252830221e+000  6.5848295854529360e+000  9.1869360140655509e-001  2.3984792712100611e-001  1.0000000000000000e+000  2.1812996213936259e-002
 -2.5231399928838122e-001  6.9851143693396445e+000 -4.2000999361853317e+000 -9.6712020758684469e-001 -2.1986447624832333e+000  1.4673115822086669e+000  6.4313028658748657e+000  9.7861272175177416e-001  2.2822105208302182e-001  1.0000000000000000e+000  1.9943035186355342e-002
 -3.1098901860478034e-001  6.7235857170265385e+000 -4.1946501212173617e+000 -1.0805949600466029e+000 -2.1214958450971930e+000  1.4934846762574714e+000  6.6096883604580974e+000  9.8906792910561281e-001  1.8050948356496710e-001  1.0000000000000000e+000  1.9219561805796519e-002
 -1.0078863804061475e-001  6.9975987485377980e+000 -4.1358034519295703e+000 -7.7397974241112022e-001 -2.3474858377131871e+000  1.4579234117514377e+000  6.5961882512957795e+000  9.1119235834000023e-001  2.4655769355448678e-001  1.0000000000000000e+000  1.8350270022654647e-002
 -2.1275884937352549e-001  6.9831144988655147e+000 -4.1391600727834152e+000 -9.6520241601255807e-001 -2.2938612486187822e+000  1.4591623070171678e+000  6.5917903166283782e+000  9.1502081091236265e-001  2.4245486963793678e-001  1.0000000000000000e+000  1.7836543876591848e-002
 -3.2585914557243439e-001  6.7644259081758298e+000 -4.2003974910507447e+000 -1.0215888697850628e+000 -2.1190112443221736e+000  1.4896494862614198e+000  6.5656162848517683e+000  9.9271625160616073e-001  1.8623013859926274e-001  1.0000000000000000e+000  1.7806290160469151e-002
 -4.9187911802038953e-001  6.8880684208981267e+000 -4.1973994291649896e+000 -1.4589934539458458e+000 -2.0093281418196205e+000  1.4753176033273643e+000  6.4882033519866731e+000  9.8100123229676328e-001  2.0919511232724405e-001  1.0000000000000000e+000  1.7587080995370891e-002
 -1.0882348385949764e-001  6.9841525991682989e+000 -4.1486237978075886e+000 -7.8867817189005496e-001 -2.3529054983777802e+000  1.4599862019918446e+000  6.5632576660793376e+000  9.2423814476648536e-001  2.4033735709391055e-001  1.0000000000000000e+000  1.7166040236792177e-002
 -3.7018368280269792e-001  6.8106557323772599e+000 -4.1621732908353639e+000 -9.2117383458112978e-001 -1.8980447963590663e+000  1.4767907814355228e+000  6.6177464509022572e+000  9.4719553131971890e-001  2.0194316825749237e-001  1.0000000000000000e+000  1.7026422646865016e-002
 -2.3555838825192943e-001  7.0000000000000000e+000 -4.1464862761390942e+000 -9.7993025445890669e-001 -2.2046474599754085e+000  1.4586762010699483e+000  6.5629308772486592e+000  9.2143653334002129e-001  2.4438225133889288e-001  1.0000000000000000e+000  1.6756601510059501e-002
 -2.3438760106002890e-001  7.0000000000000000e+000 -4.1541231741623568e+000 -9.7980288658999559e-001 -2.2000079584077086e+000  1.4594336955198284e+000  6.5408431788552042e+000  9.2900842363238600e-001  2.4247476754670907e-001  1.0000000000000000e+000  1.6626600443067515e-002
 -3.2542720233228906e-001  6.7647117861454804e+000 -4.1744959573199560e+000 -1.0330351332118244e+000 -2.1154535903230922e+000  1.4840804887613412e+000  6.6198159004237347e+000  9.6342542341727844e-001  1.9120558992536130e-001  1.0000000000000000e+000  1.6505916268837961e-002
 -2.8152104688371321e-001  6.6817593027825870e+000 -4.1983359326934933e+000 -1.0723964207507122e+000 -2.1457937572262464e+000  1.5002732608759721e+000  6.6397666325980920e+000  9.9670259305469111e-001  1.7324077719437470e-001  1.0000000000000000e+000  1.6494194499101483e-002
 -1.3604415481640744e-001  6.9554286146272961e+000 -4.1912757516378036e+000 -8.7179392164965730e-001 -2.3545467482805091e+000  1.4680778052939563e+000  6.4656208081016358e+000  9.7030793278878058e-001  2.2404796395685683e-001  1.0000000000000000e+000  1.5450803752162639e-002
 -4.4859982040950713e-001  6.9289842773411392e+000 -4.1564959904896313e+000 -1.3316215463842758e+000 -2.2127107652234650e+000  1.4650019486289942e+000  6.5661084197607575e+000  9.3471448077224906e-001  2.2655037525014571e-001  1.0000000000000000e+000  1.5380058423521366e-002
 -3.2132284493155638e-001  6.7498915666167925e+000 -4.1768095580520708e+000 -1.0313684359076893e+000 -2.1129453889453442e+000  1.4862761748216553e+000  6.6256950907021173e+000  9.6696822998838605e-001  1.8820247593176989e-001  1.0000000000000000e+000  1.4498401065168906e-002
 -6.1265974662767904e-002  6.9746703382845308e+000 -4.1612266776381475e+000 -9.0266820251599333e-001 -2.2925709657056013e+000  1.4620529866061629e+000  6.5319626286544361e+000  9.3734462239497018e-001  2.3518297727967477e-001  1.0000000000000000e+000  1.4176203302319789e-002
 -3.2228460306884066e-001  6.7783020164390964e+000 -4.1718072104987671e+000 -1.0293013223105942e+000 -2.1134290679677052e+000  1.4820339407797545e+000  6.6162261882101987e+000  9.5960605879635885e-001  1.9412146675731401e-001  1.0000000000000000e+000  1.4156439705842808e-002
 -1.3867133809353249e-001  6.9389266672673253e+000 -4.1915899933168390e+000 -8.7668809200023046e-001 -2.3607006568607618e+000  1.4695326787866492e+000  6.4732209363402795e+000  9.7154875068710411e-001  2.2058791301226713e-001  1.0000000000000000e+000  1.4066597952284106e-002
 -4.9621682819267937e-001  6.8233320710700394e+000 -4.1470668791807137e+000 -1.3318218704471594e+000 -2.1178715988072576e+000  1.4733083902709228e+000  6.6496208615645829e+000  9.3081901749357576e-001  2.0750922772614722e-001  1.0000000000000000e+000  1.3865330702685858e-002
 -5.5580307790113026e-001  6.8727712610686940e+000 -4.2009718638824420e+000 -1.3699947625468289e+000 -2.0702146565710837e+000  1.4775726779474108e+000  6.4897636859878780e+000  9.8601554072626874e-001  2.0551470607593536e-001  1.0000000000000000e+000  1.3415373128152060e-002
 -2.3509545709544302e-001  6.9610779904007360e+000 -4.1361782024114984e+000 -7.5753211963109557e-001 -2.0959201840701978e+000  1.4604441407764546e+000  6.6102512125709945e+000  9.1309255143789481e-001  2.3833159535355283e-001  1.0000000000000000e+000  1.3398683701333552e-002
 -2.3609717935089294e-001  7.0000000000000000e+000 -4.1579053470899083e+000 -9.9908749799463470e-001 -2.1990202422477889e+000  1.4598593691649555e+000  6.5302058385269088e+000  9.3282237186254047e-001  2.4154020807633006e-001  1.0000000000000000e+000  1.3236987489492771e-002
 -3.1877536852606608e-001  6.7888600534578245e+000 -4.1626634137116394e+000 -1.0101196789440714e+000 -2.0513880357197962e+000  1.4792630127489623e+000  6.6309406307028018e+000  9.4911555501189138e-001  1.9784619355455729e-001  1.0000000000000000e+000  1.3109897417980791e-002
 -2.1968169451325731e-001  6.9754129165392884e+000 -4.1790881293680640e+000 -7.3239684423819362e-001 -2.1131824815202660e+000  1.4644866127065546e+000  6.4852195714385727e+000  9.5602602279377447e-001  2.3107173541975512e-001  1.0000000000000000e+000  1.2974680734429780e-002
 -2.6824415563549148e-001  7.0000000000000000e+000 -4.1217601370710675e+000 -1.0024985188760593e+000 -2.2098487891391438e+000  1.4567972122523876e+000  6.6402364067652044e+000  8.9791000289954637e-001  2.5068752660933841e-001  1.0000000000000000e+000  1.2390491189484628e-002
 -5.9607174829233257e-002  6.9763326760256108e+000 -4.1628994588840964e+000 -9.0960311730132981e-001 -2.2877830615922394e+000  1.4621372581693621e+000  6.5266964360824176e+000  9.3898292963975005e-001  2.3513974355281353e-001  1.0000000000000000e+000  1.1829219005268165e-002
 -3.1965164940946689e-001  6.7767453146094274e+000 -4.1635756649083895e+000 -1.0113297785857971e+000 -2.0253073013230001e+000  1.4807771165666532e+000  6.6370255929376416e+000  9.5085255060213891e-001  1.9548392926505770e-001  1.0000000000000000e+000  1.1694689094775047e-002
 -3.1262340549567541e-001  6.7610949267383633e+000 -4.1641699350036143e+000 -1.0355171807138246e+000 -2.1256612229045402e+000  1.4826681992220159e+000  6.6467065345703107e+000  9.5251715277733140e-001  1.9259329494614333e-001  1.0000000000000000e+000  1.1661318286581670e-002
 -3.1322437734512437e-001  6.7065288147266804e+000 -4.1984145783011124e+000 -1.0830232690190074e+000 -2.1178426182149717e+000  1.4967629483486888e+000  6.6172257027203178e+000  9.9481353980724974e-001  1.7710165181300175e-001  1.0000000000000000e+000  1.1341750966477764e-002
 -3.1259100030024461e-001  6.7870712586063373e+000 -4.1579802736258982e+000 -1.0066909893194251e+000 -2.0208123418296378e+000  1.4786959283419601e+000  6.6439249944909919e+000  9.4428513254201163e-001  1.9847577179166917e-001  1.0000000000000000e+000  1.1290052153407764e-002
 -5.2877118653596167e-001  6.9292499018414437e+000 -4.2102690420226585e+000 -1.4416946693920225e+000 -2.0577442666060959e+000  1.4741588225498641e+000  6.4379984624507784e+000  9.9332801367786205e-001  2.1449339518673047e-001  1.0000000000000000e+000  1.1109533711837165e-002
 -2.3786712159654266e-001  6.9961462916772632e+000 -4.1247534219043898e+000 -9.9076907288890992e-001 -2.2197073391100970e+000  1.4572360207175410e+000  6.6318985905780439e+000  9.0083702157755363e-001  2.4904159651266874e-001  1.0000000000000000e+000  1.0781635232049027e-002
 -1.0663148767281030e-001  7.0000000000000000e+000 -4.1487763499703769e+000 -7.8914772847603465e-001 -2.3451735703807799e+000  1.4588982563310409e+000  6.5562268317951204e+000  9.2369551428131247e-001  2.4381552504444257e-001  1.0000000000000000e+000  1.0755865570491616e-002
 -2.3821837308692151e-001  6.9825361666157386e+000 -4.1644425197094543e+000 -9.6035808784696841e-001 -2.2910557379632577e+000  1.4618773561778973e+000  6.5198008553673157e+000  9.4028233696317542e-001  2.3610376112798578e-001  1.0000000000000000e+000  1.0644950975695757e-002
 -2.1918399776996203e-001  6.9768208121977286e+000 -4.1790115025397023e+000 -7.6083601059692607e-001 -2.1131884958198510e+000  1.4643710215101093e+000  6.4847626020126077e+000  9.5587308553361161e-001  2.3138974177134297e-001  1.0000000000000000e+000  1.0589938977958869e-002
 -3.2624217216284596e-001  6.7673266169810127e+000 -4.1720146364127020e+000 -1.0282808887876171e+000 -2.1126945220580446e+000  1.4833378258791481e+000  6.6236094024468253e+000  9.6055652799317948e-001  1.9214671524204019e-001  1.0000000000000000e+000  9.8449601361576856e-003
 -4.9973332815329519e-001  6.9407336168000233e+000 -4.2019748436328213e+000 -1.4197268123350428e+000 -2.0457725666007147e+000  1.4713803916514536e+000  6.4492372408719429e+000  9.8312605341418657e-001  2.1861172097751677e-001  1.0000000000000000e+000  9.4572946599058814e-003
 -3.2556643148348552e-001  6.7611430304277729e+000 -4.1762429437034863e+000 -1.0333167318625056e+000 -2.1183109485815774e+000  1.4848344946994569e+000  6.6184958519346972e+000  9.6558551233971746e-001  1.9024491878172814e-001  1.0000000000000000e+000  9.3041032163706048e-003
 -2.4911444834787924e-001  6.9965868083907399e+000 -4.2177180186842893e+000 -9.6873092493735935e-001 -2.1571563984315820e+000  1.4700861229247544e+000  6.3884242181259934e+000  9.9830568953144849e-001  2.2659166211799617e-001  1.0000000000000000e+000  9.2522323489762168e-003
 -3.1521290075706548e-001  6.7804882896185781e+000 -4.1549169743641370e+000 -1.0057622351788378e+000 -2.0269374005169345e+000  1.4789744952075394e+000  6.6562374589090378e+000  9.4153091134173128e-001  1.9790529926255698e-001  1.0000000000000000e+000  8.9434180718802984e-003
