  1.4832150761200731e+000  3.0951556510449573e-002  2.8700072924332773e+001  6.0455757103218777e-001  3.1584576149947016e-002  1.8032932204853727e-003  2.0668672305490112e+000  2.8102471943383334e-002  2.0899253829291208e+001  5.5911793652589381e-001  7.5552120275048051e-001  2.6080852864267638e-003  2.2583817470758514e+000  7.0580542467863283e-001  4.4129186298205073e-002  4.2130443175988513e-001
  1.4840588836567405e+000  3.1219932907789794e-002  2.8961769813023640e+001  6.0972685597213272e-001  3.1707441657216603e-002  1.8012194130096065e-003  2.0424787043564212e+000  2.8093534586810076e-002  2.0667631182791808e+001  5.5893765857875799e-001  7.5546212935155543e-001  2.5725271993146982e-003  2.2570673687100071e+000  6.5739195961328445e-001  5.1391206058007330e-002  4.0635169190648840e-001
  1.4701568156014635e+000  5.1402281032765978e-002  5.5798600303563980e+001  9.9999820576380349e-001  3.6964583494640012e-002  1.5148310034171055e-003  9.7657784292366401e-001  2.7368852533603105e-002  1.0496476212197862e+001  5.4432510732244310e-001  7.5309932944783586e-001  1.0262592463793734e-003  2.2738912885597022e+000  0.0000000000000000e+000  1.5665231906991434e-001  2.2694356713540551e-001
  1.5049012762510037e+000  5.1419755121795627e-002  5.3572623904743836e+001  9.9997145270381727e-001  3.7587793409679028e-002  1.5736857323729832e-003  1.0356880723727109e+000  2.7470441513359534e-002  1.1077721771464896e+001  5.4637293528168840e-001  7.5323139977620757e-001  1.1109641628746572e-003  2.2788195220985816e+000  0.0000000000000000e+000  1.5000560858764464e-001  1.6870973781816637e-001
  1.4563738670527140e+000  4.5802347150534196e-002  4.7671080474705867e+001  8.9076228616159747e-001  3.5830071866357172e-002  1.5716626570256497e-003  1.1261419959212216e+000  2.7516336324013624e-002  1.1926361348839952e+001  5.4729814805881638e-001  7.5344203369979368e-001  1.2422991064191292e-003  2.2911236544512281e+000  0.0000000000000000e+000  1.5000045685021868e-001  2.5271592584150060e-001
  1.4835733996464531e+000  3.2196043648292177e-002  2.9956544067026261e+001  6.2850103963500970e-001  3.2114950057609892e-002  1.7881443819352445e-003  1.9462575502468180e+000  2.8052454051584519e-002  1.9751579632522947e+001  5.5810903164136860e-001  7.5523495490721837e-001  2.4323803647891794e-003  2.2519901842387378e+000  5.2124200910160257e-001  7.1813698634759601e-002  3.7199186570369669e-001
  1.4575133861858633e+000  4.6680728547365428e-002  4.8934152096813847e+001  9.0784829099096920e-001  3.6011474951746031e-002  1.5614538991747823e-003  1.0986615431767923e+000  2.7490758103472901e-002  1.1663651442304626e+001  5.4678250086276492e-001  7.5337976354029224e-001  1.2025813164901512e-003  2.2881999771465500e+000  0.0000000000000000e+000  1.5137942510387931e-001  2.4795746927238504e-001
  1.4659114996075737e+000  5.0143281327483032e-002  5.3949917236514587e+001  9.7538200749689408e-001  3.6714347173007776e-002  1.5262159405882720e-003  1.0057194981929563e+000  2.7399354560637246e-002  1.0775159943653266e+001  5.4493994510333721e-001  7.5316670762898530e-001  1.0683238002508824e-003  2.2775001301041713e+000  0.0000000000000000e+000  1.5550638318607946e-001  2.3144526311923475e-001
  1.4572992172772796e+000  4.6334895607730554e-002  4.8421303793542712e+001  9.0111710795527444e-001  3.5944688475015397e-002  1.5658888498052178e-003  1.1098223924555661e+000  2.7501483223623113e-002  1.1770563110928077e+001  5.4699871364237218e-001  7.5340507517389022e-001  1.2187079847949776e-003  2.2893792030202693e+000  0.0000000000000000e+000  1.5080008216113577e-001  2.4880635737597151e-001
  1.4600274252830221e+000  4.7238256844198551e-002  4.9649696435210629e+001  9.1869360140655509e-001  3.6150799342810687e-002  1.5579183884399086e-003  1.0851749282530143e+000  2.7479654048228053e-002  1.1535610097280177e+001  5.4655865132888337e-001  7.5334890465686533e-001  1.1830575689424257e-003  2.2866159611843822e+000  0.0000000000000000e+000  1.5186421865938315e-001  2.3984792712100611e-001
  1.4673115822086669e+000  5.0309071640877626e-002  5.4134811022679344e+001  9.7861272175177416e-001  3.6762565605294908e-002  1.5261892142364006e-003  1.0033523310142147e+000  2.7397951320068170e-002  1.0752942889490251e+001  5.4491165919516682e-001  7.5316113170060417e-001  1.0648934913043244e-003  2.2771503335957735e+000  0.0000000000000000e+000  1.5548948958788736e-001  2.2822105208302182e-001
  1.4934846762574714e+000  5.0856544414558731e-002  5.3369037075386444e+001  9.8906792910561281e-001  3.7300917403948454e-002  1.5626972020651576e-003  1.0330042335521963e+000  2.7456604080188018e-002  1.1047947388911952e+001  5.4609398875900439e-001  7.5322644654596072e-001  1.1072622933096139e-003  2.2790825390934679e+000  0.0000000000000000e+000  1.5129306337382192e-001  1.8050948356496710e-001
  1.4579234117514377e+000  4.6852602447115810e-002  4.9174115994532080e+001  9.1119235834000023e-001  3.6049002143258270e-002  1.5597582975768955e-003  1.0937617693591175e+000  2.7486279393834412e-002  1.1616972492158922e+001  5.4669221310075677e-001  7.5336861196056837e-001  1.1955018618577083e-003  2.2876572560231758e+000  0.0000000000000000e+000  1.5160270779166382e-001  2.4655769355448678e-001
  1.4591623070171678e+000  4.7049504578784235e-002  4.9407164333554306e+001  9.1502081091236265e-001  3.6103765280097080e-002  1.5591018153526615e-003  1.0896975214832310e+000  2.7483430523908448e-002  1.1578595865659043e+001  5.4663478201156934e-001  7.5335927042104078e-001  1.1896083075410291e-003  2.2871509310854723e+000  0.0000000000000000e+000  1.5170385463830835e-001  2.4245486963793678e-001
  1.4896494862614198e+000  5.1040848516413634e-002  5.3908630061772747e+001  9.9271625160616073e-001  3.7260498723562553e-002  1.5535044011363050e-003  1.0208208116889956e+000  2.7438944959185418e-002  1.0929170567233564e+001  5.4573800692086216e-001  7.5319890922771826e-001  1.0897484367766996e-003  2.2779221581763638e+000  0.0000000000000000e+000  1.5230862673275719e-001  1.8623013859926274e-001
  1.4753176033273643e+000  5.0435302663192114e-002  5.3827843177798194e+001  9.8100123229676328e-001  3.6920205216561579e-002  1.5380359748567718e-003  1.0138055647022721e+000  2.7417403082352410e-002  1.0856563345093500e+001  5.4530376273511649e-001  7.5318429864676062e-001  1.0798408684626858e-003  2.2778938201048962e+000  0.0000000000000000e+000  1.5412587210198989e-001  2.0919511232724405e-001
  1.4599862019918446e+000  4.7522698354117349e-002  5.0092376338435614e+001  9.2423814476648536e-001  3.6199765602062318e-002  1.5538488569809353e-003  1.0758470545845746e+000  2.7470104855653155e-002  1.1446119888420167e+001  5.4636614861017208e-001  7.5332768534879635e-001  1.1695944625680250e-003  2.2856212962565419e+000  0.0000000000000000e+000  1.5236336143989382e-001  2.4033735709391055e-001
  1.4767907814355228e+000  4.8706246689983121e-002  5.0971765571894025e+001  9.4719553131971890e-001  3.6675255646938527e-002  1.5654657950410357e-003  1.0693710611510223e+000  2.7480030401122235e-002  1.1390998829778331e+001  5.4656623828502582e-001  7.5331133468170730e-001  1.1599798540555643e-003  2.2839518062254380e+000  0.0000000000000000e+000  1.5110884157002735e-001  2.0194316825749237e-001
  1.4586762010699483e+000  4.7378549724197992e-002  4.9942341063421104e+001  9.2143653334002129e-001  3.6153997243583334e-002  1.5536647926829884e-003  1.0780042323608967e+000  2.7470996708563789e-002  1.1466244761475123e+001  5.4638412744820997e-001  7.5333271678831870e-001  1.1727283988442090e-003  2.2859348308858798e+000  0.0000000000000000e+000  1.5237094808763618e-001  2.4438225133889288e-001
  1.4594336955198284e+000  4.7767132508732234e-002  5.0504901947235162e+001  9.2900842363238600e-001  3.6232672978687201e-002  1.5494648936012414e-003  1.0669457160483038e+000  2.7460382409175255e-002  1.1360477880646069e+001  5.4617015509421130e-001  7.5330745962090029e-001  1.1567494587577491e-003  2.2846941482985570e+000  0.0000000000000000e+000  1.5288548779654776e-001  2.4247476754670907e-001
  1.4840804887613412e+000  4.9540414228064308e-002  5.1850559127491266e+001  9.6342542341727844e-001  3.6934249233263959e-002  1.5658263523029689e-003  1.0564148338393995e+000  2.7473275191826740e-002  1.1269331238228547e+001  5.4643005939984590e-001  7.5328101901573563e-001  1.1411714067821287e-003  2.2821498834076936e+000  0.0000000000000000e+000  1.5106160277599109e-001  1.9120558992536130e-001
  1.5002732608759721e+000  5.1250047333769450e-002  5.3582756958053501e+001  9.9670259305469111e-001  3.7479748775516485e-002  1.5683908259891729e-003  1.0329345119359186e+000  2.7462996572686915e-002  1.1049689890547288e+001  5.4622285348929012e-001  7.5322557561571035e-001  1.1070644508044993e-003  2.2787343790350061e+000  0.0000000000000000e+000  1.5060770285065084e-001  1.7324077719437470e-001
  1.4680778052939563e+000  4.9885097611409808e-002  5.3382376760321122e+001  9.7030793278878058e-001  3.6713819027426799e-002  1.5337316453585654e-003  1.0173585349259433e+000  2.7414605422884319e-002  1.0887961421583272e+001  5.4524736778971850e-001  7.5319317993272439e-001  1.0850719029702645e-003  2.2786979549489370e+000  0.0000000000000000e+000  1.5466418920623479e-001  2.2404796395685683e-001
  1.4650019486289942e+000  4.8061722765647949e-002  5.0645526780310320e+001  9.3471448077224906e-001  3.6372682990991723e-002  1.5547329429699908e-003  1.0680654763309612e+000  2.7467076359611209e-002  1.1373577582978083e+001  5.4630509735910771e-001  7.5330948683221832e-001  1.1582776285119813e-003  2.2844802578197472e+000  0.0000000000000000e+000  1.5229721108327907e-001  2.2655037525014571e-001
  1.4862761748216553e+000  4.9722639757290736e-002  5.2006710255745027e+001  9.6696822998838605e-001  3.7000794096524472e-002  1.5669108446522029e-003  1.0547135557581964e+000  2.7473591305901213e-002  1.1253849090748052e+001  5.4643643195256075e-001  7.5327690629551702e-001  1.1386827592928910e-003  2.2818456969237237e+000  0.0000000000000000e+000  1.5092756100462679e-001  1.8820247593176989e-001
  1.4620529866061629e+000  4.8195387342234372e-002  5.1026901582341765e+001  9.3734462239497018e-001  3.6346698097658531e-002  1.5478317985507997e-003  1.0582903073959784e+000  2.7453809176259947e-002  1.1278595995480014e+001  5.4603764720981118e-001  7.5328745526427554e-001  1.1442152561511321e-003  2.2835939575559645e+000  0.0000000000000000e+000  1.5309334373916908e-001  2.3518297727967477e-001
  1.4820339407797545e+000  4.9344036623519362e-002  5.1663442351107399e+001  9.5960605879635885e-001  3.6867829421570852e-002  1.5651893804000682e-003  1.0588257983571072e+000  2.7473863423123523e-002  1.1291691084202247e+001  5.4644191757304306e-001  7.5328673627205134e-001  1.1446819116842748e-003  2.2825218908535314e+000  0.0000000000000000e+000  1.5114356304534338e-001  1.9412146675731401e-001
  1.4695326787866492e+000  4.9949180205008555e-002  5.3396106456500405e+001  9.7154875068710411e-001  3.6748125143163057e-002  1.5352785870617631e-003  1.0180432814102716e+000  2.7416736747193582e-002  1.0895104615184163e+001  5.4529033080234868e-001  7.5319460381837444e-001  1.0860382462136824e-003  2.2786930049694361e+000  0.0000000000000000e+000  1.5448259990417740e-001  2.2058791301226713e-001
  1.4733083902709228e+000  4.7865210995164102e-002  4.9873196521802292e+001  9.3081901749357576e-001  3.6474551171705935e-002  1.5714807831259487e-003  1.0898893948314985e+000  2.7497873738508982e-002  1.1586403798950316e+001  5.4692594806951078e-001  7.5335841631205824e-001  1.1896530566258834e-003  2.2863326059360447e+000  0.0000000000000000e+000  1.5038451376680609e-001  2.0750922772614722e-001
  1.4775726779474108e+000  5.0692541065793670e-002  5.4107175712612289e+001  9.8601554072626874e-001  3.6997031104703336e-002  1.5381060308658303e-003  1.0101530231363629e+000  2.7415367215930742e-002  1.0822295691654190e+001  5.4526272392408437e-001  7.5317568935979740e-001  1.0745433491702386e-003  2.2773541240539128e+000  0.0000000000000000e+000  1.5408881561575366e-001  2.0551470607593536e-001
  1.4604441407764546e+000  4.6950914989481646e-002  4.9185423228203817e+001  9.1309255143789481e-001  3.6106329426241854e-002  1.5626401299232212e-003  1.0954395612647456e+000  2.7490560051658619e-002  1.1634140528706185e+001  5.4677850826360697e-001  7.5337219335619510e-001  1.1978826393907634e-003  2.2876773716603220e+000  0.0000000000000000e+000  1.5128018101615529e-001  2.3833159535355283e-001
  1.4598593691649555e+000  4.7962781569099729e-002  5.0788089441272923e+001  9.3282237186254047e-001  3.6272427330879847e-002  1.5474112058792323e-003  1.0615076606902463e+000  2.7455063404647317e-002  1.1308523448740512e+001  5.4606293076846590e-001  7.5329501109832775e-001  1.1488926202320587e-003  2.2840804035904130e+000  0.0000000000000000e+000  1.5313452971117694e-001  2.4154020807633006e-001
  1.4792630127489623e+000  4.8805648876803213e-002  5.0984100339213661e+001  9.4911555501189138e-001  3.6733142511961248e-002  1.5681985479475706e-003  1.0707034476800530e+000  2.7483817082948336e-002  1.1404779895608161e+001  5.4664257474366096e-001  7.5331414083954684e-001  1.1618654186350864e-003  2.2839606376683146e+000  0.0000000000000000e+000  1.5080816669806493e-001  1.9784619355455729e-001
  1.4644866127065546e+000  4.9152889809905120e-002  5.2412888216956453e+001  9.5602602279377447e-001  3.6541079469064722e-002  1.5382228907403212e-003  1.0329831612990716e+000  2.7428772310662763e-002  1.1036565082139948e+001  5.4553294410531805e-001  7.5322935144818703e-001  1.1076613658864490e-003  2.2806626121664690e+000  0.0000000000000000e+000  1.5419678377646306e-001  2.3107173541975512e-001
  1.4567972122523876e+000  4.6169947113540714e-002  4.8198919323501208e+001  8.9791000289954637e-001  3.5906226870375070e-002  1.5673236106033123e-003  1.1144136698199283e+000  2.7505378290548332e-002  1.1814361497040689e+001  5.4707723670098929e-001  7.5341551398128670e-001  1.2253569342934381e-003  2.2898895855392576e+000  0.0000000000000000e+000  1.5059704786732897e-001  2.5068752660933841e-001
  1.4621372581693621e+000  4.8279362526536494e-002  5.1154756165680247e+001  9.3898292963975005e-001  3.6361946399569071e-002  1.5467781352982706e-003  1.0557976273977800e+000  2.7451210963323813e-002  1.1254728363131012e+001  5.4598527082710291e-001  7.5328175660125396e-001  1.1406169598535305e-003  2.2833171620185877e+000  0.0000000000000000e+000  1.5321687009549961e-001  2.3513974355281353e-001
  1.4807771165666532e+000  4.8895185962660938e-002  5.1036537555244365e+001  9.5085255060213891e-001  3.6773413961224730e-002  1.5694644133103037e-003  1.0705824546585010e+000  2.7485168969376028e-002  1.1404215263619605e+001  5.4666982775438377e-001  7.5331371740353792e-001  1.1616675193904316e-003  2.2838634212639453e+000  0.0000000000000000e+000  1.5066990265399682e-001  1.9548392926505770e-001
  1.4826681992220159e+000  4.8981254075488291e-002  5.1061360853750273e+001  9.5251715277733140e-001  3.6819368574975406e-002  1.5714160006068444e-003  1.0713036636160229e+000  2.7487796144785914e-002  1.1411897106064213e+001  5.4672278973166222e-001  7.5331517777807322e-001  1.1626790680479351e-003  2.2838369019739182e+000  0.0000000000000000e+000  1.5045045163328352e-001  1.9259329494614333e-001
  1.4967629483486888e+000  5.1151717065500278e-002  5.3641607601062894e+001  9.9481353980724974e-001  3.7402612296246369e-002  1.5639167281006647e-003  1.0298512405739810e+000  2.7456135705525186e-002  1.1018775024227232e+001  5.4608454693751085e-001  7.5321887597484627e-001  1.1026697546043067e-003  2.2785654967531843e+000  0.0000000000000000e+000  1.5112073320831471e-001  1.7710165181300175e-001
  1.4786959283419601e+000  4.8557858924865430e-002  5.0633551931474784e+001  9.4428513254201163e-001  3.6682274380950161e-002  1.5707604369855175e-003  1.0775365478713770e+000  2.7490369298041717e-002  1.1470153996661523e+001  5.4677466279222209e-001  7.5332978049024824e-001  1.1717398636342073e-003  2.2847199030274803e+000  0.0000000000000000e+000  1.5051343909348461e-001  1.9847577179166917e-001
  1.4741588225498641e+000  5.1064315212181625e-002  5.4950394753371150e+001  9.9332801367786205e-001  3.6989682982398416e-002  1.5267842879073301e-003  9.9332831474675132e-001  2.7392519832244888e-002  1.0659144662293064e+001  5.4480217400912245e-001  7.5313740295119302e-001  1.0503369726919433e-003  2.2756128664440420e+000  0.0000000000000000e+000  1.5532777863064695e-001  2.1449339518673047e-001
  1.4572360207175410e+000  4.6320489611732303e-002  4.8402867488083338e+001  9.0083702157755363e-001  3.5941043556175369e-002  1.5659815936106918e-003  1.1101840380685157e+000  2.7501766160750174e-002  1.1774002047164625e+001  5.4700441753655049e-001  7.5340589976875150e-001  1.2192321302955875e-003  2.2894206732473781e+000  0.0000000000000000e+000  1.5078638286488619e-001  2.4904159651266874e-001
  1.4588982563310409e+000  4.7494489435161276e-002  5.0109995441961857e+001  9.2369551428131247e-001  3.6177559437507702e-002  1.5524076726263921e-003  1.0746794255590402e+000  2.7467832853265151e-002  1.1434443363071773e+001  5.4632034744769875e-001  7.5332512766309867e-001  1.1679263674107231e-003  2.2855615785477061e+000  0.0000000000000000e+000  1.5252675443601088e-001  2.4381552504444257e-001
  1.4618773561778973e+000  4.8345813526863637e-002  5.1275704380278846e+001  9.4028233696317542e-001  3.6368703197599855e-002  1.5453854510708966e-003  1.0532116567369005e+000  2.7448152241955848e-002  1.1229817652724433e+001  5.4592361140046641e-001  7.5327587830178833e-001  1.1368896804448553e-003  2.2830528833012171e+000  0.0000000000000000e+000  1.5337891788163543e-001  2.3610376112798578e-001
  1.4643710215101093e+000  4.9144991637984005e-002  5.2407697659395438e+001  9.5587308553361161e-001  3.6537897574822294e-002  1.5381373017379248e-003  1.0330015190472110e+000  2.7428677594162565e-002  1.1036693940918637e+001  5.4553103479574894e-001  7.5322940591734300e-001  1.1076896523107560e-003  2.2806715690657908e+000  0.0000000000000000e+000  1.5420764974335999e-001  2.3138974177134297e-001
  1.4833378258791481e+000  4.9393276607338894e-002  5.1664012665382820e+001  9.6055652799317948e-001  3.6898080204377140e-002  1.5666754646349213e-003  1.0596260355671507e+000  2.7476010511273907e-002  1.1299906803557255e+001  5.4648520084815999e-001  7.5328843393996725e-001  1.1458164313693266e-003  2.2825378437936963e+000  0.0000000000000000e+000  1.5097508612609167e-001  1.9214671524204019e-001
  1.4713803916514536e+000  5.0541793602445283e-002  5.4258144123888947e+001  9.8312605341418657e-001  3.6866962179763409e-002  1.5297453555677546e-003  1.0037155355232290e+000  2.7402173121592766e-002  1.0758006636822071e+001  5.4499676053606727e-001  7.5316155155246056e-001  1.0653583061675381e-003  2.2769639280272065e+000  0.0000000000000000e+000  1.5505709631249340e-001  2.1861172097751677e-001
  1.4848344946994569e+000  4.9651282111559954e-002  5.1980058220081141e+001  9.6558551233971746e-001  3.6964715766173842e-002  1.5655062571674155e-003  1.0543374688336300e+000  2.7471742035413360e-002  1.1249663141372215e+001  5.4639915248342596e-001  7.5327619546168900e-001  1.1381627590094229e-003  2.2818837171743533e+000  0.0000000000000000e+000  1.5109173177281410e-001  1.9024491878172814e-001
  1.4700861229247544e+000  5.1315907170939118e-002  5.5655465226596966e+001  9.9830568953144849e-001  3.6951744599022902e-002  1.5160003086325991e-003  9.7891456841313662e-001  2.7371581670440071e-002  1.0518971242398289e+001  5.4438011854365342e-001  7.5310471194464113e-001  1.0296299978229326e-003  2.2741688850375663e+000  0.0000000000000000e+000  1.5653312395295879e-001  2.2659166211799617e-001
  1.4789744952075394e+000  4.8416780769438332e-002  5.0400792058124274e+001  9.4153091134173128e-001  3.6662751409532651e-002  1.5732104240118007e-003  1.0825483639889129e+000  2.7495805353330516e-002  1.1518303639797434e+001  5.4688425048334111e-001  7.5334117418435198e-001  1.1789687698694276e-003  2.2852399491284263e+000  0.0000000000000000e+000  1.5023502484298401e-001  1.9790529926255698e-001
