  1.4782197842035454e+000  3.0339950835861964e-002  2.8084898385736334e+001  5.9276188311216838e-001  3.1281341045066753e-002  1.8032506124886496e-003  2.1128982673817625e+000  2.8114588300654830e-002  2.1334204319196040e+001  5.5936234149768893e-001  7.5563481977426539e-001  2.6752961077311926e-003  2.2610368451876588e+000  8.5970760105449240e-001  2.1043859841826131e-002  4.4622320462528703e-001
  2.1816208511239532e+000  3.2856455789671495e-002  2.8021898117778072e+001  6.4367207791841363e-001  3.8667886579311160e-002  2.8435101623460459e-003  3.5622100039986666e+000  3.0851109770028362e-002  3.6386893225810219e+001  6.1463584314330966e-001  7.5336161089917064e-001  4.7414473194608911e-003  2.7075816925281848e+000  7.8650151912222166e-001  3.2024772131666754e-002  1.8579586721438596e-001
  1.4563780719382287e+000  4.5803140141122398e-002  4.7672217732728157e+001  8.9077768433063820e-001  3.5830295213109639e-002  1.5716590214433785e-003  1.1261228386467828e+000  2.7516323878996829e-002  1.1926181049760102e+001  5.4729789716889243e-001  7.5344199142464841e-001  1.2422712970853143e-003  2.2911210095586094e+000  0.0000000000000000e+000  1.5000105479841316e-001  2.5274668912519804e-001
  1.5048507906368966e+000  5.1414937967728731e-002  5.3568450818080080e+001  9.9987768986640757e-001  3.7586149431065079e-002  1.5736719672670586e-003  1.0357480533813437e+000  2.7470462150120278e-002  1.1078282175183926e+001  5.4637335129753062e-001  7.5323154311482787e-001  1.1110512445966156e-003  2.2788283193360397e+000  0.0000000000000000e+000  1.5000781051925971e-001  1.6878432885647415e-001
  1.4701473309946376e+000  5.1398430326031086e-002  5.5792821673009996e+001  9.9992284313571000e-001  3.6963892440502223e-002  1.5148719700474426e-003  9.7667171099445049e-001  2.7368956178263071e-002  1.0497377604164782e+001  5.4432719648556649e-001  7.5309954748700858e-001  1.0263947455276985e-003  2.2739027600545310e+000  0.0000000000000000e+000  1.5664833616031740e-001  2.2698425903327174e-001
  1.5039588621314488e+000  3.1419631570627271e-002  2.8870420521295824e+001  6.1364131173466563e-001  3.1941514068897454e-002  1.8302276165732948e-003  2.1056696078911123e+000  2.8144096549653552e-002  2.1280378016060954e+001  5.5995757887775355e-001  7.5560766351101716e-001  2.6641643629673473e-003  2.2591253079825195e+000  8.3922179547318665e-001  4.5290318245547891e-002  2.8036287308533292e-001
  1.5044219220262627e+000  3.6068333299254143e-002  3.3591393600158007e+001  7.0294507837387576e-001  3.3793033758706063e-002  1.7731738426067635e-003  1.7079789598607551e+000  2.7970450337775343e-002  1.7499603936087087e+001  5.5645505079063362e-001  7.5470377775069375e-001  2.0851097787143967e-003  2.2369451028583183e+000  2.8981370785315241e-001  1.0652794382202714e-001  2.1607405022609225e-001
  1.4643184338316135e+000  3.7472024726638187e-002  3.6247851055050496e+001  7.2979948836320485e-001  3.3848836759856615e-002  1.6921146902761494e-003  1.5062956892869082e+000  2.7808716015483625e-002  1.5555425135691078e+001  5.5319332339766447e-001  7.5426999223963609e-001  1.7930037697491408e-003  2.3200648126606320e+000  1.7331296799311258e-001  1.2400305480103312e-001  3.2225177633166430e-001
  1.5079425779369509e+000  3.9435782131058444e-002  3.7259618677011034e+001  7.6762449470395766e-001  3.4951469713072586e-002  1.7374058485934366e-003  1.5124187759806986e+000  2.7867494668662562e-002  1.5640679167183460e+001  5.5437866451100959e-001  7.5428500992472514e-001  1.8009035518410307e-003  2.3189665854373480e+000  1.7743578529279158e-001  1.2338463220608126e-001  1.8675920351322525e-001
  1.5390109400256513e+000  4.2151407346188691e-002  3.9460772116324627e+001  8.1986819474896877e-001  3.6148469109184123e-002  1.7527086033467508e-003  1.4465455835523127e+000  2.7864044151349576e-002  1.5029700884847735e+001  5.5430907887243386e-001  7.5414456605114533e-001  1.7046438232925371e-003  2.3140632949578412e+000  1.5433482125241837e-001  1.2684977681213724e-001  1.5349032695803361e-001
  1.4585884482651574e+000  4.0049923458972861e-002  3.9633304042795466e+001  7.7941023118597130e-001  3.4536142346732891e-002  1.6506962493669287e-003  1.3600894025291428e+000  2.7708580997579446e-002  1.4160787327539699e+001  5.5117413834393147e-001  7.5395732659722958e-001  1.5809657242061327e-003  2.3117696430042014e+000  9.6228192621960695e-002  1.3556577110670590e-001  2.9453060656734176e-001
  1.4552962301191550e+000  4.3338242643437372e-002  4.4168640714126632e+001  8.4294631836349321e-001  3.5303813509944520e-002  1.6029664796961445e-003  1.2136138555259830e+000  2.7593355696309940e-002  1.2762232010101171e+001  5.4885090682450510e-001  7.5363772609450785e-001  1.3688290393508856e-003  2.2997296232641640e+000  3.2231664368439827e-002  1.4516525034473401e-001  2.6809263717747100e-001
  1.4582349763269504e+000  4.0757929228188668e-002  4.0562790192505524e+001  7.9306339820078675e-001  3.4719707827346249e-002  1.6411525109389247e-003  1.3270272236343637e+000  2.7684883766446511e-002  1.3845664187272424e+001  5.5069632135935720e-001  7.5388594539999787e-001  1.5330393325670016e-003  2.3092796894636165e+000  8.0894816420367666e-002  1.3786577753694484e-001  2.8443831197919961e-001
  1.4883695828272649e+000  3.9165269520918991e-002  3.7544215355269550e+001  7.6240135958433419e-001  3.4638519179865782e-002  1.7096688432181200e-003  1.4776511626761000e+000  2.7821836828432644e-002  1.5297817022530275e+001  5.5345791424406876e-001  7.5420998415683838e-001  1.7508763906339403e-003  2.3178317550088603e+000  1.5856195244901361e-001  1.2621570713264796e-001  2.1553469099086048e-001
  1.4964721451756871e+000  4.0246294171308955e-002  3.8576620892741090e+001  7.8320906034573268e-001  3.5054827719170234e-002  1.7091523775406826e-003  1.4421151840670881e+000  2.7809445306780534e-002  1.4964127419292634e+001  5.5320803000457097e-001  7.5413422567233757e-001  1.6991303483351594e-003  2.3154022735663498e+000  1.4264656335927661e-001  1.2860301549610850e-001  1.9568744086008397e-001
  1.4559590282691732e+000  4.4509256191123656e-002  4.5798337425068908e+001  8.6564617462541982e-001  3.5565613839987527e-002  1.5884977970139023e-003  1.1711277771355970e+000  2.7557406646540494e-002  1.2356580640485145e+001  5.4812613699034429e-001  7.5354312754319197e-001  1.3073479667164711e-003  2.2956428211055955e+000  1.6308712036872675e-002  1.4755369319446909e-001  2.5835681143291545e-001
  1.4593583188025907e+000  3.9636920017992724e-002  3.9078927407604127e+001  7.7145201550772480e-001  3.4432045352758317e-002  1.6571438957363831e-003  1.3814491514905320e+000  2.7724174111412481e-002  1.4364629501965121e+001  5.5148855469978564e-001  7.5400325604875329e-001  1.6119249089078143e-003  2.3132559084612421e+000  1.0663190430266056e-001  1.3400521435460092e-001  2.9850088587700996e-001
  1.4563778307991719e+000  4.5802493680370392e-002  4.7671262578435957e+001  8.9076512002870556e-001  3.5830158262145417e-002  1.5716673315097937e-003  1.1261442632668732e+000  2.7516343690888290e-002  1.1926385620272521e+001  5.4729829657405737e-001  7.5344203983931057e-001  1.2423022973187849e-003  2.2911232120317040e+000  3.1154571511482487e-007  1.4999995326814272e-001  2.5275042128972341e-001
  1.4593181688472505e+000  4.0601562567423997e-002  4.0319342577689021e+001  7.9004681323929782e-001  3.4692278053895874e-002  1.6449012457576424e-003  1.3366057689086226e+000  2.7693097850019610e-002  1.3937472463353705e+001  5.5086194404566946e-001  7.5390666809827345e-001  1.5469015243934313e-003  2.3099623032679939e+000  8.5551980267465133e-002  1.3716720295988022e-001  2.8186176348858816e-001
  1.4617188019116358e+000  4.7450950215064694e-002  4.9883950221808327e+001  9.2282719787685497e-001  3.6214987458294684e-002  1.5577902830398852e-003  1.0814742291654404e+000  2.7477545050913710e-002  1.1500853750626163e+001  5.4651613577758873e-001  7.5334033498472852e-001  1.1776888410153855e-003  2.2861199766787150e+000  0.0000000000000000e+000  1.5190328482629592e-001  2.3495823842254351e-001
  1.4597279552919546e+000  4.6885296325509904e-002  4.9124798512149567e+001  9.1181875383211597e-001  3.6083291881680815e-002  1.5623450238460169e-003  1.0962133602409310e+000  2.7490599365677992e-002  1.1641224683319118e+001  5.4677930080928405e-001  7.5337401675716287e-001  1.1990112146901474e-003  2.2878033990639604e+000  0.0000000000000000e+000  1.5130559961251580e-001  2.4062283414236812e-001
  1.4560202087577028e+000  4.4630278609884631e-002  4.5969387266868431e+001  8.6799458559106657e-001  3.5591461123933972e-002  1.5869771929101675e-003  1.1668753377026917e+000  2.7553697789712173e-002  1.2315925039849795e+001  5.4805136406326227e-001  7.5353361112700123e-001  1.3011941291097076e-003  2.2952239582300193e+000  1.4759367692530279e-002  1.4778609484612046e-001  2.5753853636555052e-001
  1.5027711870673359e+000  5.1250582723522578e-002  5.3433752676339083e+001  9.9668553411463412e-001  3.7524483674007111e-002  1.5725717292268447e-003  1.0371228283034934e+000  2.7470017153613080e-002  1.1090774503123431e+001  5.4636438062802739e-001  7.5323491312078938e-001  1.1130609662235377e-003  2.2790814110870525e+000  0.0000000000000000e+000  1.5015269773127318e-001  1.7064722495129567e-001
  1.4944641179386440e+000  5.0494671327726046e-002  5.2733418601211135e+001  9.8198085504492971e-001  3.7262949153699883e-002  1.5695931836071371e-003  1.0456174533143816e+000  2.7471527639486348e-002  1.1169497405198710e+001  5.4639483047732895e-001  7.5325523248093185e-001  1.1254358240328916e-003  2.2804194928971762e+000  0.0000000000000000e+000  1.5056090367933694e-001  1.7860508762066826e-001
  1.4594804312797793e+000  4.7787422732939844e-002  5.0534274376548815e+001  9.2940385738176667e-001  3.6236843244893582e-002  1.5492571466798530e-003  1.0663833017307756e+000  2.7459840292257676e-002  1.1355107332755958e+001  5.4615922668537387e-001  7.5330617331091965e-001  1.1559356023831784e-003  2.2846296724709019e+000  0.0000000000000000e+000  1.5291095590562923e-001  2.4240656365089283e-001
  1.4812683439099330e+000  4.9204886478154242e-002  5.1490889347942399e+001  9.5689466333206075e-001  3.6832669479675166e-002  1.5658819441813239e-003  1.0617507010717464e+000  2.7476251461646450e-002  1.1319504720774834e+001  5.4649005818640894e-001  7.5329349780868016e-001  1.1489144182199977e-003  2.2828840332050642e+000  0.0000000000000000e+000  1.5107193739078556e-001  1.9520354892214997e-001
  1.4781517913184743e+000  4.8928184283643594e-002  5.1239640720072394e+001  9.5151681897383511e-001  3.6734927030899138e-002  1.5645968377319135e-003  1.0648234329705062e+000  2.7476540630491764e-002  1.1347822888031112e+001  5.4649588756628376e-001  7.5330081877698407e-001  1.1533957157515047e-003  2.2833823463938505e+000  0.0000000000000000e+000  1.5121196545676546e-001  1.9993222027477667e-001
  1.4746536184191719e+000  5.0610300719333451e-002  5.4159800707839473e+001  9.8443238041114600e-001  3.6934077335495225e-002  1.5343364884092491e-003  1.0074642790423969e+000  2.7409558960423297e-002  1.0795343169900168e+001  5.4514564208229821e-001  7.5316982069028282e-001  1.0707129387590546e-003  2.2772085968353126e+000  0.0000000000000000e+000  1.5452616978427305e-001  2.1136976266613369e-001
  1.4767002908644284e+000  5.0802163212718431e-002  5.4346555861440812e+001  9.8816959020747130e-001  3.6997459832328008e-002  1.5350012712157619e-003  1.0053880472035868e+000  2.7409054173033187e-002  1.0776133145253125e+001  5.4513546669388901e-001  7.5316485019989476e-001  1.0676941198538743e-003  2.2768618270744447e+000  0.0000000000000000e+000  1.5442992771401959e-001  2.0782899830345680e-001
  1.4602364217188126e+000  4.8053906805296913e-002  5.0910666658131362e+001  9.3459787060847876e-001  3.6293820921418002e-002  1.5467528738822638e-003  1.0593166486399426e+000  2.7453090863879703e-002  1.1287669321423891e+001  5.4602316701151032e-001  7.5328997675934073e-001  1.1457249196768181e-003  2.2838178131723330e+000  0.0000000000000000e+000  1.5321588811463804e-001  2.4061966323081121e-001
  1.4699388020682826e+000  4.9323147155371699e-002  5.2353255771881457e+001  9.5930181599142594e-001  3.6659725044016066e-002  1.5450654484829691e-003  1.0377391740562469e+000  2.7439292750586208e-002  1.1084457864260155e+001  5.4574501782356144e-001  7.5323969600852048e-001  1.1144399264312876e-003  2.2808759294478005e+000  0.0000000000000000e+000  1.5340533356716277e-001  2.1736473336382300e-001
  1.4636707430594782e+000  4.7548288667199901e-002  4.9923739975323912e+001  9.2471206269395856e-001  3.6263166746278726e-002  1.5597250297411638e-003  1.0820781918096500e+000  2.7480129092483097e-002  1.1507496312975606e+001  5.4656822781987557e-001  7.5334152771234952e-001  1.1785293966945810e-003  2.2860664165962690e+000  0.0000000000000000e+000  1.5168719366819042e-001  2.2945883183355448e-001
  1.4670254358054162e+000  4.8361614592910884e-002  5.0998872835985793e+001  9.4055083829686570e-001  3.6456022437445196e-002  1.5538959214608406e-003  1.0623151542376235e+000  2.7463003472657954e-002  1.1319218221384535e+001  5.4622299258459250e-001  7.5329616717875558e-001  1.1499466893437477e-003  2.2837407493226949e+000  0.0000000000000000e+000  1.5240517479937113e-001  2.2199427562161408e-001
  1.4913856754279080e+000  4.9882093722333258e-002  5.1952610544444958e+001  9.7003440291484788e-001  3.7113919146987980e-002  1.5732321691659967e-003  1.0589295663896685e+000  2.7483277350384805e-002  1.1296405461554144e+001  5.4663169415228730e-001  7.5328601528292127e-001  1.1446854807814558e-003  2.2820320141185007e+000  0.0000000000000000e+000  1.5020320233639486e-001  1.8143971477080767e-001
  1.4692061713772908e+000  5.1015446606688421e-002  5.5201550280506680e+001  9.9242729015802666e-001  3.6895264098068391e-002  1.5189718560915998e-003  9.8602959284900038e-001  2.7379214515167005e-002  1.0587145268055453e+001  5.4453397459863417e-001  7.5312115130524959e-001  1.0398926504412015e-003  2.2750481719063180e+000  0.0000000000000000e+000  1.5623491612016349e-001  2.2712219037355583e-001
  1.4870286284572198e+000  5.0087400292902325e-002  5.2538146857407028e+001  9.7409081075649961e-001  3.7071059989363046e-002  1.5629320782008329e-003  1.0448694632459148e+000  2.7463490436399729e-002  1.1159583890788353e+001  5.4623280920334771e-001  7.5325429541738920e-001  1.1244699681077289e-003  2.2807263222778529e+000  0.0000000000000000e+000  1.5134927761659431e-001  1.8781645687444667e-001
  1.4712635353822174e+000  4.9599293781064126e-002  5.2718023757223378e+001  9.6468679994448103e-001  3.6725120018211661e-002  1.5433229544254726e-003  1.0316796920169722e+000  2.7433852700151196e-002  1.1026710158229841e+001  5.4563535562464871e-001  7.5322569154531716e-001  1.1056787203747379e-003  2.2801275320803018e+000  0.0000000000000000e+000  1.5359196207846473e-001  2.1517051718253671e-001
  1.4890510330141646e+000  5.0874121988871590e-002  5.3675547260312250e+001  9.8945889418965072e-001  3.7225459647663141e-002  1.5549318059176027e-003  1.0247462495501090e+000  2.7442927322907318e-002  1.0966781717379888e+001  5.4581828496653273e-001  7.5320797722848143e-001  1.0954195486106259e-003  2.2783892430370098e+000  0.0000000000000000e+000  1.5216767154096303e-001  1.8667932244334465e-001
  1.4620030926446128e+000  4.8624615425354872e-002  5.1712937191614081e+001  9.4572480659293490e-001  3.6416115478400610e-002  1.5416050224427529e-003  1.0447157216281333e+000  2.7439174531945332e-002  1.1148298040481702e+001  5.4574263472990481e-001  7.5325645265139618e-001  1.1246271245102246e-003  2.2821100508970456e+000  0.0000000000000000e+000  1.5381711541397375e-001  2.3662490366760500e-001
  1.4714063743340295e+000  4.9700438321638229e-002  5.2872598167937831e+001  9.6666319594769590e-001  3.6743005501350984e-002  1.5421013240482786e-003  1.0288775375385857e+000  2.7430861258459727e-002  1.0999906996851763e+001  5.4557505347640500e-001  7.5321926067622924e-001  1.1016368681233714e-003  2.2798053693165174e+000  0.0000000000000000e+000  1.5372337168779199e-001  2.1515393124011314e-001
  1.4621150800693683e+000  4.8674063606297994e-002  5.1785644653212032e+001  9.4668940745085750e-001  3.6425889693364431e-002  1.5410853977427059e-003  1.0433815369276225e+000  2.7437845844479281e-002  1.1135513520542059e+001  5.4571585059146344e-001  7.5325338891077631e-001  1.1227001442370953e-003  2.2819570072267625e+000  0.0000000000000000e+000  1.5387740668438726e-001  2.3645608231992424e-001
  1.4689690570194602e+000  4.9062084668069578e-002  5.1993630235886165e+001  9.5420927956389168e-001  3.6602145003233347e-002  1.5471756162354282e-003  1.0439986110375230e+000  2.7445155694407752e-002  1.1144249447211557e+001  5.4586320548667366e-001  7.5325412256515800e-001  1.1234863240559174e-003  2.2816228802529150e+000  0.0000000000000000e+000  1.5317435903087068e-001  2.1893525098265662e-001
  1.4671737100902447e+000  4.8230095957732727e-002  5.0784213804526793e+001  9.3798252446262287e-001  3.6436495003673457e-002  1.5560154017975234e-003  1.0667568078433689e+000  2.7467841902599988e-002  1.1361909903329874e+001  5.4632052987250468e-001  7.5330629306809438e-001  1.1563550067182383e-003  2.2842147546847520e+000  0.0000000000000000e+000  1.5215977128608829e-001  2.2140028532324274e-001
  1.4589836617115712e+000  4.6432974430538634e-002  4.8478866510983764e+001  9.0301629404737849e-001  3.5989039871830185e-002  1.5673727042174357e-003  1.1098820648953112e+000  2.7503309126471809e-002  1.1771918720728607e+001  5.4703552310798997e-001  7.5340506600781432e-001  1.2187650202487507e-003  2.2892786963244767e+000  0.0000000000000000e+000  1.5064327698090491e-001  2.4303372559415737e-001
  1.4651579336433975e+000  4.9954747396397471e-002  5.3685000810318854e+001  9.7169912127276226e-001  3.6673819476954202e-002  1.5276941415128227e-003  1.0099834361756077e+000  2.7403530411282961e-002  1.0815886721822503e+001  5.4502412029838432e-001  7.5317656328414972e-001  1.0744777153454503e-003  2.2780326130656472e+000  0.0000000000000000e+000  1.5535298371566714e-001  2.3270126579271169e-001
  1.4662462873272948e+000  5.0291505037747604e-002  5.4175965062704194e+001  9.7827999208002903e-001  3.6741620106444800e-002  1.5246085688171930e-003  1.0019298896554663e+000  2.7395282852186176e-002  1.0738873990993698e+001  5.4485786949612169e-001  7.5315797539469931e-001  1.0628574117460265e-003  2.2770501957536773e+000  0.0000000000000000e+000  1.5567633312657947e-001  2.3131979249240203e-001
  1.4611082403633886e+000  4.6707707380705295e-002  4.8780428198634333e+001  9.0835167243312498e-001  3.6072641662548220e-002  1.5671396293031785e-003  1.1048039594458778e+000  2.7500535331551612e-002  1.1724172071218629e+001  5.4697960454599048e-001  7.5339337606474333e-001  1.2113903188073101e-003  2.2886181475498866e+000  0.0000000000000000e+000  1.5072343213205569e-001  2.3638364002025342e-001
  1.4604487998357567e+000  4.6505809791273445e-002  4.8510629873195739e+001  9.0442505494298731e-001  3.6025234497468459e-002  1.5688267385268588e-003  1.1102855420249469e+000  2.7505201698877935e-002  1.1776449718304900e+001  5.4707367667405293e-001  7.5340585569810403e-001  1.2193236919873784e-003  2.2892307521385376e+000  0.0000000000000000e+000  1.5049086910085055e-001  2.3842427229021959e-001
  1.4565350988611392e+000  4.5951410663204732e-002  4.7885109509630077e+001  8.9366063043609001e-001  3.5860948640779301e-002  1.5698892986614570e-003  1.1213528872262337e+000  2.7511886182726819e-002  1.1880634128575741e+001  5.4720843398095909e-001  7.5343121049680639e-001  1.2353796423280848e-003  2.2906185183379395e+000  0.0000000000000000e+000  1.5024522913306768e-001  2.5191947280029214e-001
  1.4576386598811126e+000  4.6192292761142249e-002  4.8188209127898702e+001  8.9833961402675810e-001  3.5923370102574216e-002  1.5684302119695441e-003  1.1153342430709703e+000  2.7507129639555483e-002  1.1823559666468958e+001  5.4711254332376313e-001  7.5341752598545031e-001  1.2266720874776864e-003  2.2899322623933682e+000  0.0000000000000000e+000  1.5047282241851309e-001  2.4778035481769178e-001
