 -1.7568141233261305e+000  1.9293131842610500e+000 -2.4861078709318671e+000  1.4787151346018208e+000  3.0000000000000000e+000  1.1186292256358632e+000  4.3866367418905874e+000  4.7886838153752898e-001  1.0191136067159083e+000  1.0000000000000000e+000                      Inf
 -1.9939597259180417e+000  2.4622071297400576e+000 -2.3607518744867941e+000  1.0114729457132889e+000  2.5777325936715814e+000  1.2613974785965980e+000  6.6658130201777261e+000  4.2610714190344667e-001  6.4235016357689612e-001  1.0000000000000000e+000                      Inf
 -1.7161583979266195e+000  1.8707162236563502e+000 -2.4905670209455426e+000  1.7380020256587532e+000  3.0000000000000000e+000  1.0836364534966645e+000  5.1550044715782528e+000  6.8639910552892536e-001  1.5055802929609339e+000  1.0000000000000000e+000                      Inf
 -2.9990457343033623e+000  2.4831331429885628e+000 -2.4117781192954233e+000  1.0095961280271986e+000  2.5778588461664032e+000  1.2604825215921429e+000  6.6405336508995623e+000  4.2736602314976541e-001  6.2946176723149272e-001  1.0000000000000000e+000                      Inf
 -2.8722142066233021e+000  2.6604504353236038e+000 -2.3681602731118789e+000  1.0502199429859307e+000  2.6112526049913884e+000  1.2481599631156253e+000  6.3472479330389353e+000  4.2984336966776049e-001  6.5514203723172981e-001  1.0000000000000000e+000  2.1708133785778705e-001
 -1.5309351564713687e+000  1.9741776634144055e+000 -2.6647464735619857e+000  1.7155287805388908e+000  3.0000000000000000e+000  1.0839665558618417e+000  5.0671473959155984e+000  6.6464920649096948e-001  1.4502633200543782e+000  1.0000000000000000e+000  2.1529238133908776e-001
 -2.9392108787646469e+000  2.5550999512665662e+000 -2.3955804505691733e+000  1.0951529589296849e+000  2.6465804019662795e+000  1.2330804576988148e+000  6.0574989228549674e+000  4.3515379617693761e-001  6.7888937012691863e-001  1.0000000000000000e+000  1.8567643003393580e-001
 -2.9371026568826282e+000  2.2627140864147073e+000 -2.3649515588590053e+000  1.1875637864426110e+000  2.7264585386343692e+000  1.2030285467225739e+000  5.5211943192486670e+000  4.4419245296427501e-001  7.3737027259425481e-001  1.0000000000000000e+000  1.8442663022776282e-001
 -1.5438727992528118e+000  1.8857764895603224e+000 -2.6564454438025229e+000  1.6967869378674605e+000  2.9999999999999996e+000  1.0846534653253923e+000  4.9974266360874688e+000  6.4706855518852668e-001  1.4065779381559362e+000  1.0000000000000000e+000  1.8278486547579631e-001
 -1.7621089928404825e+000  1.9294309282877995e+000 -2.4946572187787148e+000  1.5844816833834787e+000  2.9898591587252406e+000  1.0969760544471376e+000  4.6975723165752141e+000  5.5860646560070071e-001  1.1862505886099117e+000  1.0000000000000000e+000  1.8118166738092278e-001
 -1.7052600236188393e+000  1.9073165038533781e+000 -2.4667372287815992e+000  1.5413573908069864e+000  2.9974533162379160e+000  1.1045211652049203e+000  4.5419649784930494e+000  5.2223082423017342e-001  1.1126178546603971e+000  1.0000000000000000e+000  1.8067667417709493e-001
 -2.9076427484246663e+000  2.4944392788651086e+000 -2.4108226768489671e+000  1.0406060592111614e+000  2.5964727655418796e+000  1.2504519133543215e+000  6.4721614335721549e+000  4.3200773337269449e-001  6.5167755247323622e-001  1.0000000000000000e+000  1.7661081380378751e-001
 -1.4115089308815387e+000  2.0104696356462814e+000 -2.4783312547601657e+000  1.5492285271353938e+000  2.9906744128394260e+000  1.1031192913644323e+000  4.5983499061420599e+000  5.3170255359398011e-001  1.1266168606275193e+000  1.0000000000000000e+000  1.6818424094890586e-001
 -1.8685178655454582e+000  1.4047706995474503e+000 -2.4258003729730384e+000  1.2795921191458921e+000  2.7753095635356440e+000  1.1728415526509639e+000  5.3094975996787310e+000  4.6979204257439805e-001  8.2277914036873356e-001  1.0000000000000000e+000  1.6651860681481440e-001
 -1.8840276880007227e+000  1.3920041852539242e+000 -2.3935507846626103e+000  1.2918483692981368e+000  2.7717977690814966e+000  1.1686228260810865e+000  5.3522323161858303e+000  4.7864875234585158e-001  8.3779132674764900e-001  1.0000000000000000e+000  1.6585297099002450e-001
 -1.3956862035724344e+000  1.8831497480619726e+000 -2.6489990813163091e+000  1.6205324286310434e+000  2.9972237767822367e+000  1.0915268730807008e+000  4.7606043305608772e+000  5.8269535513744564e-001  1.2496206658107090e+000  1.0000000000000000e+000  1.6199159937225832e-001
 -1.5286011546779541e+000  1.8950602566892614e+000 -2.6447392896559161e+000  1.6715019084330829e+000  2.9935002985491956e+000  1.0867227896029468e+000  4.9484211349074494e+000  6.2871822969971414e-001  1.3537834068675190e+000  1.0000000000000000e+000  1.6047959677712309e-001
 -1.5348450230892443e+000  1.8947056769330577e+000 -2.6472373136285512e+000  1.6394934028937169e+000  3.0000000000000000e+000  1.0891290213246876e+000  4.8030138179037554e+000  5.9658580098468028e-001  1.2852558051458183e+000  1.0000000000000000e+000  1.5486700940413189e-001
 -2.9976550227303305e+000  2.4791565524336479e+000 -2.4100059523726625e+000  1.0201550442246243e+000  2.5855196757886763e+000  1.2570572413754826e+000  6.5677633299801981e+000  4.2857608842688633e-001  6.3527884871439233e-001  1.0000000000000000e+000  1.5453000082239632e-001
 -1.2989895601172332e+000  1.8252736566498395e+000 -2.4168632870477564e+000  1.4017735511768321e+000  2.9079274971324258e+000  1.1385516773922866e+000  4.7184091249143671e+000  4.7711003425137088e-001  9.3142534204369365e-001  1.0000000000000000e+000  1.5376165882791532e-001
 -1.5463389428194998e+000  1.8842716720199990e+000 -2.6565450496133400e+000  1.7120882062832645e+000  3.0000000000000000e+000  1.0840719022277672e+000  5.0541099942554846e+000  6.6138490716227694e-001  1.4420842563431484e+000  1.0000000000000000e+000  1.5185901724996542e-001
 -2.9572564428091415e+000  2.2579512050992476e+000 -2.3600351106963697e+000  1.2114906174957309e+000  2.7129061989004875e+000  1.1933392006712991e+000  5.6407302334652156e+000  4.6281667596120241e-001  7.6597071112014170e-001  1.0000000000000000e+000  1.4801487854138085e-001
 -3.0000000000000000e+000  2.2480734404840486e+000 -2.3632882898032532e+000  1.2013545819885334e+000  2.7405154110041199e+000  1.1985633178623869e+000  5.4359143746445433e+000  4.4509448708006255e-001  7.4504478539563190e-001  1.0000000000000000e+000  1.4305887384004859e-001
 -3.0000000000000000e+000  2.5069975994688591e+000 -2.3261895957868277e+000  1.1137225324658206e+000  2.6362990606270142e+000  1.2248015292646510e+000  6.1390845207210409e+000  4.4867641380799816e-001  6.9740400129145186e-001  1.0000000000000000e+000  1.4263926245207345e-001
 -1.2692939107637977e+000  1.8053954453706886e+000 -2.4194446955493580e+000  1.4345385321282087e+000  2.9292872044041713e+000  1.1297867581860086e+000  4.6664325342559030e+000  4.8677771860160945e-001  9.6998306071967111e-001  1.0000000000000000e+000  1.4093680341694104e-001
 -1.4105727408283606e+000  1.8332362163402853e+000 -2.4535679914941944e+000  1.3522511509160713e+000  2.8870814692842739e+000  1.1530296564079461e+000  4.7431157209323791e+000  4.5802281393631239e-001  8.7421665862415154e-001  1.0000000000000000e+000  1.4075774132174956e-001
 -1.5424334354408411e+000  1.8953255925908203e+000 -2.6507645316480084e+000  1.6570006968630213e+000  3.0000000000000000e+000  1.0873889484583150e+000  4.8595456166195801e+000  6.1149972882489323e-001  1.3205125863922140e+000  1.0000000000000000e+000  1.3939035155463747e-001
 -3.0000000000000000e+000  2.4138618575394082e+000 -2.3459341709387669e+000  1.1657510200921553e+000  2.7056399250216474e+000  1.2097664102976124e+000  5.6475738188315443e+000  4.4297299584940292e-001  7.2155752376121929e-001  1.0000000000000000e+000  1.3864144629219460e-001
 -1.4865656702913885e+000  1.8586283405977080e+000 -2.6584338982771443e+000  1.6265903404045683e+000  2.9938240191038656e+000  1.0909615723276607e+000  4.7990888561125109e+000  5.8984093419169936e-001  1.2623323899017731e+000  1.0000000000000000e+000  1.2613530793473371e-001
 -1.9013294861345715e+000  1.3991344065560660e+000 -2.4214744016452245e+000  1.2408275918389668e+000  2.7776663026353328e+000  1.1866528766385964e+000  5.2390722261429383e+000  4.4763133401338190e-001  7.7948248538931753e-001  1.0000000000000000e+000  1.2601627485672864e-001
 -2.8552516027459873e+000  2.6758251634445642e+000 -2.3230285144534917e+000  1.1378087187793620e+000  2.6896155554056849e+000  1.2198782549935179e+000  5.7496564782012491e+000  4.3603513676612038e-001  7.0397436321785500e-001  1.0000000000000000e+000  1.2196505385428634e-001
 -1.3418430562949617e+000  1.8460817870880519e+000 -2.4179393135225760e+000  1.4538455466611646e+000  2.9303326442481699e+000  1.1247790723401490e+000  4.7027002111045455e+000  4.9869045384670385e-001  9.9649600781292724e-001  1.0000000000000000e+000  1.2033962022694836e-001
 -2.9969997855978612e+000  2.5116076161141612e+000 -2.3020093530140717e+000  1.1372631619764761e+000  2.6293669687206123e+000  1.2157881579301333e+000  6.2013100244164994e+000  4.6382474345566410e-001  7.2102126122757793e-001  1.0000000000000000e+000  1.1482780061674933e-001
 -1.5085370314093982e+000  1.8571982972843006e+000 -2.6841751293988199e+000  1.6053916933950634e+000  3.0000000000000000e+000  1.0934300455375492e+000  4.6997301762029613e+000  5.6879468139880740e-001  1.2206856085100708e+000  1.0000000000000000e+000  1.1328972657545427e-001
 -1.7036260490563422e+000  1.9156573325134738e+000 -2.4665133656081575e+000  1.5074633459244891e+000  3.0000000000000000e+000  1.1117646963810723e+000  4.4487231018903977e+000  4.9753172505402976e-001  1.0603901236724753e+000  1.0000000000000000e+000  1.1169656309166179e-001
 -2.9397021539837751e+000  2.2620022311403845e+000 -2.3659461265378092e+000  1.2001803620298788e+000  2.7040618268242089e+000  1.1969838558362138e+000  5.6921885805663983e+000  4.6089685338740455e-001  7.5788793079764172e-001  1.0000000000000000e+000  1.1016646537272375e-001
 -1.4149459342696242e+000  1.8771080632412134e+000 -2.4522989399384376e+000  1.3630173997123884e+000  2.8589382139204935e+000  1.1489019714813267e+000  4.9278062487482117e+000  4.7781156402060981e-001  8.9528763708341330e-001  1.0000000000000000e+000  1.0195151468548701e-001
 -1.8894541190264065e+000  1.3965011083782635e+000 -2.4250088730673633e+000  1.2740754900807947e+000  2.7868790482207353e+000  1.1752463297977700e+000  5.2252172271660635e+000  4.6117337424279797e-001  8.1276204534114804e-001  1.0000000000000000e+000  1.0155513168949092e-001
 -2.9887414764056173e+000  2.5279675629065355e+000 -2.3079504408215046e+000  1.1388854017742205e+000  2.6759994807545833e+000  1.2180273561236297e+000  5.8469168258763276e+000  4.4299343234356203e-001  7.0686437595296248e-001  1.0000000000000000e+000  1.0036514442920054e-001
 -1.7028919795834954e+000  1.9136177692757321e+000 -2.4675931960712210e+000  1.5267080033173592e+000  3.0000000000000000e+000  1.1075181086052732e+000  4.4930834115045153e+000  5.1058405479638158e-001  1.0893410040538813e+000  1.0000000000000000e+000  9.7023061625584037e-002
 -3.0000000000000000e+000  2.5871305063280703e+000 -2.2906730783123188e+000  1.1277084643174426e+000  2.6612284139465547e+000  1.2212065821045086e+000  5.9520954022832822e+000  4.4422487307248643e-001  7.0147421571396129e-001  1.0000000000000000e+000  9.6612588484574338e-002
 -1.4980429245845057e+000  1.8952091449956350e+000 -2.6503563316456193e+000  1.6525396874895855e+000  2.9985010411971906e+000  1.0879008723043180e+000  4.8539219461094039e+000  6.0865395751705964e-001  1.3119777618899593e+000  1.0000000000000000e+000  9.6601803148636700e-002
 -2.9108919890119926e+000  2.6517886721170876e+000 -2.3985120810880480e+000  1.0811398904078908e+000  2.6408599289425139e+000  1.2383126506599402e+000  6.1020876415901162e+000  4.3119578281421095e-001  6.6940131111115397e-001  1.0000000000000000e+000  9.4939472692162616e-002
 -1.4610568587166735e+000  1.8498996586831356e+000 -2.4594884591412578e+000  1.3296376760481425e+000  2.8671433613761659e+000  1.1597124044631308e+000  4.8189340934886378e+000  4.5460931997190496e-001  8.5224019981201238e-001  1.0000000000000000e+000  9.4347968159052331e-002
 -1.3988064190385483e+000  2.0700411351256331e+000 -2.4760760619650788e+000  1.5283745825406390e+000  3.0000000000000000e+000  1.1071643596680314e+000  4.4970378085732055e+000  5.1173464546948544e-001  1.0919023983729403e+000  1.0000000000000000e+000  9.2774272507668454e-002
 -1.4208168264220935e+000  2.0215945501813688e+000 -2.4777485043455134e+000  1.5616807928761502e+000  2.9911989211537211e+000  1.1007959283066044e+000  4.6278892474452888e+000  5.4053811260344886e-001  1.1469568280759439e+000  1.0000000000000000e+000  9.1177851386699815e-002
 -1.5786155456421420e+000  1.8868390329021285e+000 -2.6546238254426071e+000  1.6893657186527526e+000  3.0000000000000000e+000  1.0850303290748575e+000  4.9706823073701560e+000  6.4025494813591199e-001  1.3898579762015015e+000  1.0000000000000000e+000  9.0985665498598767e-002
 -1.4760673220584151e+000  1.8509537999534875e+000 -2.4588181809994181e+000  1.3311164029377316e+000  2.8666392699782879e+000  1.1592105785948164e+000  4.8243887833824850e+000  4.5566245202300787e-001  8.5413526533530415e-001  1.0000000000000000e+000  9.0644905472726550e-002
 -1.3471071905958172e+000  1.8454313000732838e+000 -2.4188779179887359e+000  1.4389001086184234e+000  2.9270368802409386e+000  1.1286120545263354e+000  4.6883105935581799e+000  4.9070740875329288e-001  9.7648713026524103e-001  1.0000000000000000e+000  8.8285948975129494e-002
 -3.0000000000000000e+000  2.5522936723783931e+000 -2.3181186684258228e+000  1.1377572135851108e+000  2.6653933966295620e+000  1.2176538451209802e+000  5.9254168014715791e+000  4.4721889259505782e-001  7.0927573835185764e-001  1.0000000000000000e+000  8.4649104604889142e-002
