  1.1186492758740807e+000  2.4436733839970817e-002  2.9190212711000378e+001  4.7889131885261560e-001  2.3252837955652934e-002  1.3796193051814458e-003  3.2363709849411286e+000  2.8028168911232942e-002  3.2353517138576073e+001  5.5761919669557791e-001  7.6045032663673318e-001  4.3655424129543929e-003  2.1522181021717022e+000  0.0000000000000000e+000  2.2795893752518070e-001  1.0189676472627884e+000
  1.0836635346392836e+000  3.4992910268210289e-002  5.0420971881502027e+001  6.8644721052708024e-001  2.5356714227598894e-002  1.1883324923975562e-003  2.1379716325172229e+000  2.7368079697021708e-002  2.1386368480548668e+001  5.4430952927919307e-001  7.5716427991538759e-001  2.7588941692772324e-003  2.1239055416645676e+000  0.0000000000000000e+000  1.9397891073284190e-001  1.5052759243485896e+000
  1.2587318182939695e+000  2.1845368173955260e-002  2.1910449592396283e+001  4.2806657448663193e-001  2.4373413665249723e-002  1.6154280411029786e-003  3.7613362996315232e+000  2.8615844812036828e-002  3.7492917137341308e+001  5.6947595630610870e-001  7.6199482023315657e-001  5.1207414329851840e-003  2.1298432821516808e+000  0.0000000000000000e+000  1.5065390518352403e-001  6.4719668640032968e-001
  1.2551408345095085e+000  2.1791624487913872e-002  2.1919180083533618e+001  4.2701193308814972e-001  2.4295116995671280e-002  1.6110506457488035e-003  3.7743926553761220e+000  2.8612464139920357e-002  3.7642839143572289e+001  5.6940772957702990e-001  7.6204024414785654e-001  5.1411486348539974e-003  2.1314960664024514e+000  0.0000000000000000e+000  1.5407111107631169e-001  6.5107899121877832e-001
  1.2589542093312585e+000  2.1810951711949848e-002  2.1876381572544332e+001  4.2739389758880586e-001  2.4357950056809258e-002  1.6162458053164336e-003  3.7709993031811440e+000  2.8620080726977637e-002  3.7591913362215458e+001  5.6956144335753400e-001  7.6202468833729742e-001  5.1350050875233408e-003  2.1302056199270427e+000  0.0000000000000000e+000  1.5096257942619240e-001  6.4644274860866002e-001
  1.1105712585208496e+000  2.5572309468106683e-002  3.1134780650263483e+001  5.0115040225474228e-001  2.3522504635057756e-002  1.3528109669634966e-003  3.0591848979654817e+000  2.7931612488563129e-002  3.0583106878092391e+001  5.5567175354224219e-001  7.5992089590434198e-001  4.1063477626871528e-003  2.1478937295658196e+000  0.0000000000000000e+000  2.2416484370265916e-001  1.0681249053133319e+000
  1.0850784666667219e+000  3.2724966998766904e-002  4.5280858351785625e+001  6.4173058996363186e-001  2.4968564398107723e-002  1.2206487608222066e-003  2.2978294655434084e+000  2.7475678705271456e-002  2.2981696757709713e+001  5.4647851194571828e-001  7.5764281318661553e-001  2.9927147112948881e-003  2.1282003364888222e+000  0.0000000000000000e+000  2.0083021032609955e-001  1.3920226697112650e+000
  1.1058599456377691e+000  2.6333780332476103e-002  3.2489160500735380e+001  5.1608519684286214e-001  2.3695595434359330e-002  1.3358635939659431e-003  2.9519548571189187e+000  2.7871366810847231e-002  2.9513717087745224e+001  5.5445675322117438e-001  7.5959884772521280e-001  3.9495291224765951e-003  2.1452424721667271e+000  0.0000000000000000e+000  2.2162710080338685e-001  1.1013969534529913e+000
  1.1836554906007006e+000  2.3435804527275519e-002  2.5129422150314007e+001  4.5912921123297834e-001  2.4021836680682966e-002  1.4856182233166377e-003  3.3835992190364461e+000  2.8279234601855441e-002  3.3825500838450651e+001  5.6268378811423325e-001  7.6089577317533008e-001  4.5808866591448109e-003  2.1369218999083159e+000  0.0000000000000000e+000  1.8619116417602055e-001  7.9168947720669336e-001
  1.0860535279787089e+000  3.1928827825037323e-002  4.3568632513943157e+001  6.2605077099066353e-001  2.4821795554047819e-002  1.2326934252583218e-003  2.3611213496107446e+000  2.7516365360072514e-002  2.3613293385192719e+001  5.4729873342201252e-001  7.5783235790756276e-001  3.0852875551122295e-003  2.1299413314111324e+000  0.0000000000000000e+000  2.0344068670126234e-001  1.3549417851398164e+000
  1.1786169757890181e+000  2.5936574215464470e-002  2.8152736636069601e+001  5.0800055235677388e-001  2.5013168045795880e-002  1.4435815183284470e-003  2.9178582152716270e+000  2.8073392691010390e-002  2.9128619264314349e+001  5.5853137644779594e-001  7.5948407368124593e-001  3.8943715727989235e-003  2.1174139165206607e+000  0.0000000000000000e+000  1.6729800358732738e-001  8.2731789763113783e-001
  1.1695099823679882e+000  2.3979461794664873e-002  2.6188633456340359e+001  4.6977289139532563e-001  2.4021345253491512e-002  1.4579563120199238e-003  3.2834696136770312e+000  2.8200255429357668e-002  3.2820087176757198e+001  5.6109045724961426e-001  7.6059512111658223e-001  4.4343096887706213e-003  2.1372910936704588e+000  0.0000000000000000e+000  1.9094480609388340e-001  8.3125986842017874e-001
  1.1315051304086809e+000  2.5935125424316103e-002  3.0233041116089552e+001  5.0812908785969613e-001  2.4092094956523452e-002  1.3772916129285314e-003  2.9831671970820910e+000  2.7965470406186910e-002  2.9819366670937352e+001  5.5635461188812485e-001  7.5969305848076862e-001  3.9950104456768845e-003  2.1376238512125396e+000  0.0000000000000000e+000  2.0223788873561274e-001  9.7256851570064140e-001
  1.1894775990535000e+000  2.2860932321201510e-002  2.4361789660744833e+001  4.4789265531473138e-001  2.3848961216274001e-002  1.5019459212258558e-003  3.5063509596742239e+000  2.8342351970195967e-002  3.5053068363457669e+001  5.6395720991338294e-001  7.6126406083103848e-001  4.7604587486517191e-003  2.1402902491413132e+000  0.0000000000000000e+000  1.8859270732969058e-001  7.7327828866871429e-001
  1.2333930030973377e+000  2.2309711915646260e-002  2.2777066459002771e+001  4.3712019795096468e-001  2.4258014892854118e-002  1.5724408989595186e-003  3.6302314459143652e+000  2.8504623756814951e-002  3.6239542253162618e+001  5.6723147628453674e-001  7.6161920118157389e-001  4.9338346952906426e-003  2.1317706077673226e+000  0.0000000000000000e+000  1.6315686772612356e-001  6.8804523466996526e-001
  1.1584738439612730e+000  2.3587144858319375e-002  2.6182144782149358e+001  4.6213295263016946e-001  2.3649716983163194e-002  1.4477310847119040e-003  3.3697340632158177e+000  2.8201654487604699e-002  3.3678940425936226e+001  5.6111868087517713e-001  7.6085254081260223e-001  4.5604592921378688e-003  2.1446267026716463e+000  0.0000000000000000e+000  2.0405261068886640e-001  8.5876181499851256e-001
  1.1633690694757970e+000  2.4440080808797643e-002  2.6934330586638705e+001  4.7878633154578903e-001  2.4110631071561982e-002  1.4428599691570577e-003  3.2007197866915327e+000  2.8149871499798751e-002  3.1991778586591124e+001  5.6007407258016606e-001  7.6034671709211510e-001  4.3132406603385888e-003  2.1357864819934353e+000  0.0000000000000000e+000  1.9084009871708818e-001  8.5199034154686892e-001
  1.1411479652923866e+000  2.4782674138662884e-002  2.8305644412733344e+001  4.8555224072951492e-001  2.3833923535452037e-002  1.4067103510642990e-003  3.1612701168250261e+000  2.8068257283622833e-002  3.1596920546499572e+001  5.5842779143136134e-001  7.6022689878753713e-001  4.2555300070130711e-003  2.1417490657314886e+000  0.0000000000000000e+000  2.0525778055086616e-001  9.2517985389066093e-001
  1.0842765486417545e+000  3.3436305108506030e-002  4.6872775972345416e+001  6.5575034526932197e-001  2.5090910958584227e-002  1.2100067032639599e-003  2.2448219724333427e+000  2.7440266345954090e-002  2.2452748338168362e+001  5.4576464391773527e-001  7.5748408497540431e-001  2.9151845320082477e-003  2.1268137697884675e+000  0.0000000000000000e+000  1.9873633040870337e-001  1.4276825184732060e+000
  1.1515971934755962e+000  2.3934537030856580e-002  2.6849996025002881e+001  4.6894022538943136e-001  2.3676237330082370e-002  1.4331770947397806e-003  3.3067973628590330e+000  2.8156989153418355e-002  3.3049701073953365e+001  5.6021765252467048e-001  7.6066336780196431e-001  4.4683992145584973e-003  2.1442911783493241e+000  0.0000000000000000e+000  2.0569042129572521e-001  8.8280676026906302e-001
  1.0918156355734681e+000  2.9517262721670122e-002  3.8556595599690532e+001  5.7860193971210672e-001  2.4365410813587229e-002  1.2731688916297059e-003  2.5797854037026973e+000  2.7653512893801580e-002  2.5796266128479921e+001  5.5006379454274601e-001  7.5848656911484136e-001  3.4051262352934666e-003  2.1357120594140748e+000  0.0000000000000000e+000  2.1111482623835273e-001  1.2426758056048441e+000
  1.0837637159941225e+000  3.4386921517319209e-002  4.9022944444077218e+001  6.7449351240800992e-001  2.5254630944963542e-002  1.1965732439769238e-003  2.1781224912417816e+000  2.7395519092181742e-002  2.1786971738008901e+001  5.4486263150330494e-001  7.5728451222600557e-001  2.8176216624309462e-003  2.1249998822237295e+000  0.0000000000000000e+000  1.9581992051767455e-001  1.4747204103870069e+000
  1.2156391958647705e+000  2.2921069034831994e-002  2.3745650323285865e+001  4.4905872447256945e-001  2.4296651671725986e-002  1.5383910279729469e-003  3.4828620811222386e+000  2.8402891964929955e-002  3.4786576461417710e+001  5.6517870545996729e-001  7.6118241031187295e-001  4.7207264449720884e-003  2.1308469632722358e+000  0.0000000000000000e+000  1.6863546014205649e-001  7.2340341996098922e-001
  1.0881672733735894e+000  3.0836907409042432e-002  4.1259945726548452e+001  6.0455641005835725e-001  2.4619120094100146e-002  1.2503085627972182e-003  2.4545730312719094e+000  2.7575913554337195e-002  2.4546155205969004e+001  5.4849925212807449e-001  7.5811200199914675e-001  3.2219778981415238e-003  2.1324316267599510e+000  0.0000000000000000e+000  2.0690256558935644e-001  1.3036646666313212e+000
  1.2103707687213177e+000  2.2568175921692510e-002  2.3520890202115016e+001  4.4216349077568989e-001  2.4040612067261272e-002  1.5358683455326790e-003  3.5670062752782616e+000  2.8422058193288802e-002  3.5656322506077977e+001  5.6556543112728441e-001  7.6144432787226890e-001  4.8476296693496582e-003  2.1362649148381299e+000  0.0000000000000000e+000  1.7668358953355284e-001  7.2873674983245829e-001
  1.2222163280711642e+000  2.2445972507520222e-002  2.3134729473576307e+001  4.3977739436994795e-001  2.4161052812038643e-002  1.5545198017276813e-003  3.5956363707057495e+000  2.8463421294395719e-002  3.5920256480680713e+001  5.6640005770702473e-001  7.6152313045007280e-001  4.8861027988203673e-003  2.1337560350998994e+000  0.0000000000000000e+000  1.6955802844205403e-001  7.0711091723584207e-001
  1.1356828325018562e+000  2.5478075320784197e-002  2.9427912688607801e+001  4.9917069309401074e-001  2.4002377922534266e-002  1.3894448635303007e-003  3.0504954848490708e+000  2.8006431661024900e-002  3.0491624257235713e+001  5.5718076289241303e-001  7.5989448762369072e-001  4.0934986375354317e-003  2.1389859487675738e+000  0.0000000000000000e+000  2.0295924878586499e-001  9.5169973748506387e-001
  1.2510965097586184e+000  2.2055904589324382e-002  2.2223084140045252e+001  4.3217441905263904e-001  2.4379701361895042e-002  1.6014338997476876e-003  3.7006638056079151e+000  2.8574472470779488e-002  3.6897899282467797e+001  5.6864101955590129e-001  7.6181610239551778e-001  5.0329904135989305e-003  2.1294458760819599e+000  0.0000000000000000e+000  1.5349116973286692e-001  6.5991080920678702e-001
  1.2078298907144676e+000  2.2394756496297370e-002  2.3413863749838434e+001  4.3877556458862055e-001  2.3914775057895410e-002  1.5346892615964113e-003  3.6090945719017000e+000  2.8431292403650721e-002  3.6086373175737606e+001  5.6575175654337606e-001  7.6157350518664813e-001  4.9107809452020833e-003  2.1388848775050815e+000  0.0000000000000000e+000  1.8076257734269283e-001  7.3147611737845608e-001
  1.1257389245943512e+000  2.7167518701337618e-002  3.2212845712307278e+001  5.3227471533732995e-001  2.4415392199490873e-002  1.3522904700859681e-003  2.8113818119455960e+000  2.7873121478839025e-002  2.8103641950618396e+001  5.5449213935337660e-001  7.5917876968232079e-001  3.7437107063687941e-003  2.1324132891967262e+000  0.0000000000000000e+000  1.9659449056748121e-001  1.0105938835944572e+000
  1.0995055023720510e+000  2.7869406387978572e-002  3.5203219072813013e+001  5.4621239697367274e-001  2.4062434085982003e-002  1.3061474895177691e-003  2.7562528897946272e+000  2.7764319254056646e-002  2.7555371368118859e+001  5.5229805509051211e-001  7.5901657072862516e-001  3.6631824057606795e-003  2.1397416790711730e+000  0.0000000000000000e+000  2.1513109768018296e-001  1.1591705545754851e+000
  1.1029354048015434e+000  2.6866021222676326e-002  3.3457234485201027e+001  5.2652753819173681e-001  2.3814067801921187e-002  1.3245498350756503e-003  2.8817449742574919e+000  2.7831397665553093e-002  2.8813434802888867e+001  5.5365071768608942e-001  7.5938811801433914e-001  3.8468495428696653e-003  2.1434777881631728e+000  0.0000000000000000e+000  2.1983550455307302e-001  1.1246075741771544e+000
  1.2132522172788733e+000  2.2664338498338085e-002  2.3547129368555183e+001  4.4404236871177477e-001  2.4133024665093837e-002  1.5386216687965375e-003  3.5436475257622178e+000  2.8420547790527717e-002  3.5412861188017025e+001  5.6553495478531524e-001  7.6137101168183918e-001  4.8119016296512412e-003  2.1343223100321773e+000  0.0000000000000000e+000  1.7339087332118447e-001  7.2469969340441442e-001
  1.1005808677926632e+000  2.7322865405962921e-002  3.4306397902188898e+001  5.3549389243695655e-001  2.3912664786337103e-002  1.3150650531271737e-003  2.8241722371631788e+000  2.7798238439239675e-002  2.8238049260574758e+001  5.5298203778966837e-001  7.5921630989163857e-001  3.7626265695888117e-003  2.1420267925694652e+000  0.0000000000000000e+000  2.1834515263937568e-001  1.1448473925143048e+000
  1.2395418379942962e+000  2.2222410090489312e-002  2.2578995333249189e+001  4.3541848234386255e-001  2.4302398791239656e-002  1.5824890363914977e-003  3.6536138917512417e+000  2.8528663030358503e-002  3.6458020655453360e+001  5.6771657672191367e-001  7.6168463610671466e-001  4.9666379301920409e-003  2.1308964847406546e+000  0.0000000000000000e+000  1.5979849375631425e-001  6.7797000852715950e-001
  1.2252087538643610e+000  2.2074070303320717e-002  2.2720471656464010e+001  4.3251106233816805e-001  2.4016046945517209e-002  1.5640905581306012e-003  3.6891478707389567e+000  2.8506698114740381e-002  3.6866790097064026e+001  5.6727333533615010e-001  7.6180781140032516e-001  5.0241729856982179e-003  2.1368993678734589e+000  0.0000000000000000e+000  1.7220175075526561e-001  6.9786246881426450e-001
  1.2449978606346943e+000  2.1929687776731606e-002  2.2212302991290251e+001  4.2970140761199532e-001  2.4227068610200759e-002  1.5945073965142878e-003  3.7322513835803477e+000  2.8572140382188360e-002  3.7247330777802837e+001  5.6859395658958434e-001  7.6192183499179245e-001  5.0816712846543481e-003  2.1327008372640512e+000  0.0000000000000000e+000  1.5965676988405550e-001  6.6654561700472936e-001
  1.1247148892544945e+000  2.7413756900732909e-002  3.2619276077870381e+001  5.3710135581164065e-001  2.4477620703743080e-002  1.3474808268817771e-003  2.7795202837707134e+000  2.7855539070864133e-002  2.7785445080160436e+001  5.5413756023882144e-001  7.5908338861337332e-001  3.6971012791022946e-003  2.1314353418421486e+000  0.0000000000000000e+000  1.9553411391307143e-001  1.0182245039875804e+000
  1.0839650572902748e+000  3.3917530124777710e-002  4.7954772869586662e+001  6.6523720081318394e-001  2.5174279572810959e-002  1.2031337032363146e-003  2.2105336014540118e+000  2.7417301580420217e-002  2.2110660948976147e+001  5.4530171666643135e-001  7.5738135115095284e-001  2.8650344252514268e-003  2.1258846604352710e+000  0.0000000000000000e+000  1.9725706375506363e-001  1.4513605991590151e+000
  1.1481855076905039e+000  2.5095886053983624e-002  2.8341067066687902e+001  4.9164834555749098e-001  2.4097520924760158e-002  1.4123285988239921e-003  3.0997344393886994e+000  2.8064517196771943e-002  3.0979691933397277e+001  5.5835235140170347e-001  7.6004300948806613e-001  4.1654906277245433e-003  2.1366835291894173e+000  0.0000000000000000e+000  1.9629036851583750e-001  9.0383221508724232e-001
  1.0939119341970605e+000  2.8894889615880465e-002  3.7322457921462579e+001  5.6636956385052784e-001  2.4240377573585065e-002  1.2844874419348665e-003  2.6437961694810408e+000  2.7692440616483349e-002  2.6433351868114521e+001  5.5084869202758924e-001  7.5867967656553503e-001  3.4987125961321967e-003  2.1373757598598768e+000  0.0000000000000000e+000  2.1317644119441412e-001  1.2146235114802701e+000
  1.0948537942720102e+000  2.8636343851113726e-002  3.6816364187886194e+001  5.6128942056623055e-001  2.4187455561620830e-002  1.2892979319627318e-003  2.6722738507449648e+000  2.7708917072046590e-002  2.6721853203042610e+001  5.5118091483040210e-001  7.5876150538718135e-001  3.5404562887390960e-003  2.1381419898177274e+000  0.0000000000000000e+000  2.1402311583464217e-001  1.2033318464883958e+000
  1.0969174626187381e+000  2.8127571472796271e-002  3.5830404950642972e+001  5.5129474614138840e-001  2.4082951789162102e-002  1.2990554751140184e-003  2.7289262818344699e+000  2.7742628317918072e-002  2.7287434094213712e+001  5.5186066770647990e-001  7.5893103415304630e-001  3.6233196630230495e-003  2.1395966233433574e+000  0.0000000000000000e+000  2.1567996748295112e-001  1.1804713509324520e+000
  1.2549084111504858e+000  2.1803916927833993e-002  2.1933843137692623e+001  4.2725202584182304e-001  2.4298509780776450e-002  1.6105392858679598e-003  3.7708721375829235e+000  2.8610567118393826e-002  3.7607413770593205e+001  5.6936944510658805e-001  7.6202960377036333e-001  5.1359954297584727e-003  2.1314104449081928e+000  0.0000000000000000e+000  1.5407237540599808e-001  6.5154916461486234e-001
  1.0870768192784970e+000  3.1351846422486590e-002  4.2340517461208229e+001  6.1469064858029099e-001  2.4715630144218573e-002  1.2418674315295339e-003  2.4094704032906673e+000  2.7547321380764433e-002  2.4096152559168697e+001  5.4792281220925076e-001  7.5797686014874388e-001  3.1560122899040206e-003  2.1312340862491856e+000  0.0000000000000000e+000  2.0526112810725961e-001  1.3277239119257869e+000
  1.0893744526871425e+000  3.0380487223930108e-002  4.0304054033245301e+001  5.9557606622476789e-001  2.4534526350700848e-002  1.2581328305046140e-003  2.4961570660344297e+000  2.7602272606541689e-002  2.4961177318305346e+001  5.4903068483472772e-001  7.5823650132473397e-001  3.2827995369741556e-003  2.1334951821740873e+000  0.0000000000000000e+000  2.0827238122879516e-001  1.2817585530466578e+000
  1.2355335312209523e+000  2.2054765904491208e-002  2.2498448188889334e+001  4.3213898314525329e-001  2.4157326286886639e-002  1.5791507164911458e-003  3.6961755533602965e+000  2.8535300377997119e-002  3.6909032364877568e+001  5.6785051705307410e-001  7.6182065770295526e-001  5.0310713149656107e-003  2.1340135004435563e+000  0.0000000000000000e+000  1.6490464938449770e-001  6.8170911852742455e-001
  1.0962782810643352e+000  2.8280277883528927e-002  3.6123767075768193e+001  5.5429427204096993e-001  2.4114584075512563e-002  1.2960967878467859e-003  2.7116086916276014e+000  2.7732337964401665e-002  2.7114497116752688e+001  5.5165317086317778e-001  7.5887925399844081e-001  3.5979888299946458e-003  2.1391506925253903e+000  0.0000000000000000e+000  2.1517771023629520e-001  1.1872960976288223e+000
  1.1025587090794378e+000  2.6932190008726278e-002  3.3581177812579078e+001  5.2782615861538906e-001  2.3827991401494046e-002  1.3231250600524841e-003  2.8732666007200649e+000  2.7826495961436937e-002  2.8728791237777770e+001  5.5355186990158955e-001  7.5936274349077748e-001  3.8344486023576020e-003  2.1432725549329317e+000  0.0000000000000000e+000  2.1963936586832714e-001  1.1276796147053056e+000
  1.2037496346395486e+000  2.2479424520518199e-002  2.3597094388008149e+001  4.4043082657837795e-001  2.3892966175514230e-002  1.5276665638832927e-003  3.5896566118459052e+000  2.8413058629422672e-002  3.5891499862739579e+001  5.6538384195493663e-001  7.6151531199091460e-001  4.8824767744975843e-003  2.1393307193790707e+000  0.0000000000000000e+000  1.8270150996577103e-001  7.4012119538364274e-001
