  3.8345146815862421e+000  1.0022577518175226e+000 -6.5197867161969558e+000  1.4787267999494556e+000  3.0000000000000000e+000 -1.6866164680817286e+000  1.1186492758740807e+000  4.3867549605925777e+000  4.7889131885261560e-001  1.0189676472627884e+000  1.0000000000000000e+000                      Inf
  4.0452780527527272e+000  1.3487732030689727e+000 -6.6938751431376318e+000  1.7380219170207389e+000  3.0000000000000000e+000 -1.1032622679193880e+000  1.0836635346392836e+000  5.1551995844396368e+000  6.8644721052708024e-001  1.5052759243485896e+000  1.0000000000000000e+000                      Inf
  4.0693386374050062e+000  9.0926609565501249e-001 -6.6986030666941625e+000  1.0187798076512211e+000  2.5804002180440699e+000 -1.4237719608192276e+000  1.2587318182939695e+000  6.6377303580801108e+000  4.2806657448663193e-001  6.4719668640032968e-001  1.0000000000000000e+000                      Inf
  4.0495845876649863e+000  9.1147287980661240e-001 -6.6958672335257390e+000  1.0317043766440892e+000  2.5964917310334865e+000 -1.4323165405769247e+000  1.2551408345095085e+000  6.4905094343396943e+000  4.2701193308814972e-001  6.5107899121877832e-001  1.0000000000000000e+000                      Inf
  4.0592862436846548e+000  9.1311221399061659e-001 -6.6950063942891456e+000  1.0186581190240320e+000  2.5819539006584891e+000 -1.4344712780275344e+000  1.2589542093312585e+000  6.6241581443626112e+000  4.2739389758880586e-001  6.4644274860866002e-001  1.0000000000000000e+000                      Inf
  3.8354532493083524e+000  1.1584724939615125e+000 -6.4218611633992442e+000  1.5128367632539810e+000  3.0000000000000000e+000 -1.5123930456635624e+000  1.1105712585208496e+000  4.4610028204352972e+000  5.0115040225474228e-001  1.0681249053133319e+000  1.0000000000000000e+000  2.5865133895368048e-001
  3.9425771545821875e+000  1.3319705263246555e+000 -6.6814024781832897e+000  1.6903084048012920e+000  2.9991799783523261e+000 -1.0631407694139254e+000  1.0850784666667219e+000  4.9793305418355267e+000  6.4173058996363186e-001  1.3920226697112650e+000  1.0000000000000000e+000  2.4801582339110592e-001
  3.8199767466051808e+000  1.0368466771906346e+000 -6.5542425470087373e+000  1.5346197160950485e+000  3.0000000000000000e+000 -1.6313756687524983e+000  1.1058599456377691e+000  4.5120835690899321e+000  5.1608519684286214e-001  1.1013969534529913e+000  1.0000000000000000e+000  2.1927398018922356e-001
  4.0537967059518092e+000  9.2506574703652489e-001 -6.6206116867864138e+000  1.2464171843606040e+000  2.7589814002759958e+000 -1.5464733493818816e+000  1.1836554906007006e+000  5.3708241442361064e+000  4.5912921123297834e-001  7.9168947720669336e-001  1.0000000000000000e+000  2.1498923879387422e-001
  3.9474440206048427e+000  1.3412236493922904e+000 -6.6767238023082687e+000  1.6735605490431726e+000  3.0000000000000000e+000 -1.0860705376489095e+000  1.0860535279787089e+000  4.9154375961600367e+000  6.2605077099066353e-001  1.3549417851398164e+000  1.0000000000000000e+000  2.0222244479250118e-001
  3.9787939270049386e+000  8.9537445002582894e-001 -6.6766093894919951e+000  1.2549574541771742e+000  2.6744371931475075e+000 -1.4049496614150119e+000  1.1786169757890181e+000  5.9773576406009710e+000  5.0800055235677388e-001  8.2731789763113783e-001  1.0000000000000000e+000  1.9520284389096584e-001
  4.0254166091769648e+000  9.9434785798775605e-001 -6.4422485778112009e+000  1.2912870636910585e+000  2.7891800770285649e+000 -1.4962080521269392e+000  1.1695099823679882e+000  5.2371154809433351e+000  4.6977289139532563e-001  8.3125986842017874e-001  1.0000000000000000e+000  1.9133415904601533e-001
  3.9544933737060219e+000  9.3809233432588335e-001 -6.6223944994461021e+000  1.4262841233101822e+000  2.8781877265464351e+000 -1.5678512881979405e+000  1.1315051304086809e+000  4.9446718725753129e+000  5.0812908785969613e-001  9.7256851570064140e-001  1.0000000000000000e+000  1.7966982446215110e-001
  4.0867140807569955e+000  8.9314079673185598e-001 -6.6271637531243428e+000  1.2314992223672809e+000  2.7663286440935071e+000 -1.5575654735452833e+000  1.1894775990535000e+000  5.3024319665332449e+000  4.4789265531473138e-001  7.7327828866871429e-001  1.0000000000000000e+000  1.7112233474227237e-001
  4.0132137488165416e+000  9.3579819116700291e-001 -6.6677208722405554e+000  1.0949239563686848e+000  2.6389571448823532e+000 -1.3445515379104687e+000  1.2333930030973377e+000  6.1290708380024066e+000  4.3712019795096468e-001  6.8804523466996526e-001  1.0000000000000000e+000  1.6771178563141131e-001
  3.9596822021910865e+000  9.7700536985512187e-001 -6.6228222162393591e+000  1.3321633462128890e+000  2.8540599954719070e+000 -1.4919977402631432e+000  1.1584738439612730e+000  4.9006969164671528e+000  4.6213295263016946e-001  8.5876181499851256e-001  1.0000000000000000e+000  1.6018651390849947e-001
  4.0251424262657132e+000  9.9763520766083058e-001 -6.4470338002562473e+000  1.3104921180107625e+000  2.7936584197138505e+000 -1.4979310416236844e+000  1.1633690694757970e+000  5.2399889054891702e+000  4.7878633154578903e-001  8.5199034154686892e-001  1.0000000000000000e+000  1.5914571289803756e-001
  3.9503983632063964e+000  9.6377540193599032e-001 -6.6298727085400095e+000  1.3908319220048015e+000  2.8775705714876949e+000 -1.4043737009368487e+000  1.1411479652923866e+000  4.8719225030896407e+000  4.8555224072951492e-001  9.2517985389066093e-001  1.0000000000000000e+000  1.5745258160343947e-001
  4.0451928158064980e+000  1.3287806037867576e+000 -6.6939176770249906e+000  1.7061001694630518e+000  3.0000000000000000e+000 -1.0917978937572970e+000  1.0842765486417545e+000  5.0317926165965199e+000  6.5575034526932197e-001  1.4276825184732060e+000  1.0000000000000000e+000  1.5547234915843486e-001
  3.9586137946966264e+000  9.6300935013030275e-001 -6.6231569651511002e+000  1.3551276115962605e+000  2.8675625421362718e+000 -1.4913802680881503e+000  1.1515971934755962e+000  4.8616751023241873e+000  4.6894022538943136e-001  8.8280676026906302e-001  1.0000000000000000e+000  1.5361898103002006e-001
  4.0655591049194140e+000  1.2863773801496370e+000 -6.7000016100723769e+000  1.6174400234534201e+000  2.9997543374677629e+000 -1.0265202983194022e+000  1.0918156355734681e+000  4.7367587479193931e+000  5.7860193971210672e-001  1.2426758056048441e+000  1.0000000000000000e+000  1.5209356548650677e-001
  4.0445331716314916e+000  1.3500199045795402e+000 -6.6922511013701840e+000  1.7257748018504404e+000  3.0000000000000000e+000 -1.1143617082268360e+000  1.0837637159941225e+000  5.1067327438208245e+000  6.7449351240800992e-001  1.4747204103870069e+000  1.0000000000000000e+000  1.5048880154176433e-001
  4.0594355469205547e+000  8.9644092567944023e-001 -6.6343687856954938e+000  1.1455639995197260e+000  2.6668857569756010e+000 -1.5235062027811686e+000  1.2156391958647705e+000  5.9299509080570125e+000  4.4905872447256945e-001  7.2340341996098922e-001  1.0000000000000000e+000  1.5032429885015752e-001
  4.0333983732783683e+000  1.3230669695855184e+000 -6.7019872274764163e+000  1.6488940073902063e+000  3.0000000000000000e+000 -1.0471022023510639e+000  1.0881672733735894e+000  4.8331928468432794e+000  6.0455641005835725e-001  1.3036646666313212e+000  1.0000000000000000e+000  1.4949362356342988e-001
  4.0532968018983251e+000  8.8239858947034588e-001 -6.6431744847575960e+000  1.1661751770246442e+000  2.7052517899011543e+000 -1.5501720430967361e+000  1.2103707687213177e+000  5.6598352039372424e+000  4.4216349077568989e-001  7.2873674983245829e-001  1.0000000000000000e+000  1.4387235084776070e-001
  4.0601105208570791e+000  8.8778044524014199e-001 -6.6422423405886564e+000  1.1293230064367459e+000  2.6700557248706929e+000 -1.5326647635459660e+000  1.2222163280711642e+000  5.8976859378955746e+000  4.3977739436994795e-001  7.0711091723584207e-001  1.0000000000000000e+000  1.4209115344673315e-001
  3.9607052158926273e+000  8.9176256953487854e-001 -6.6236654399462545e+000  1.4103144350469383e+000  2.8752040822358307e+000 -1.5945458190399007e+000  1.1356828325018562e+000  4.9270974640582361e+000  4.9917069309401074e-001  9.5169973748506387e-001  1.0000000000000000e+000  1.3795200414368428e-001
  4.0503640558602063e+000  9.1313133332697871e-001 -6.6968626873099018e+000  1.0406665905659700e+000  2.5931490437136850e+000 -1.4354221861378402e+000  1.2510965097586184e+000  6.5150327653400568e+000  4.3217441905263904e-001  6.5991080920678702e-001  1.0000000000000000e+000  1.3480711103318097e-001
  4.0585096110618855e+000  8.5401425316613977e-001 -6.6379919595722754e+000  1.1761896978018160e+000  2.7242808442474029e+000 -1.5664440198692091e+000  1.2078298907144676e+000  5.5321185098184493e+000  4.3877556458862055e-001  7.3147611737845608e-001  1.0000000000000000e+000  1.3442168377430777e-001
  3.9608221504112544e+000  9.4610670541038555e-001 -6.6352601626571914e+000  1.4498884897449023e+000  2.8642599554782042e+000 -1.6085706838117015e+000  1.1257389245943512e+000  5.0866125348347397e+000  5.3227471533732995e-001  1.0105938835944572e+000  1.0000000000000000e+000  1.2979678939641076e-001
  4.0950805300382243e+000  1.4210995772446255e+000 -6.5846736167036983e+000  1.5692150412881483e+000  2.9911767792274246e+000 -1.2203185388004532e+000  1.0995055023720510e+000  4.6483284415097188e+000  5.4621239697367274e-001  1.1591705545754851e+000  1.0000000000000000e+000  1.2822514096999588e-001
  3.8168857197984494e+000  9.3394093871132211e-001 -6.5497536532222824e+000  1.5492430507968411e+000  2.9998541897129765e+000 -1.5668181157137637e+000  1.1029354048015434e+000  4.5488557548199795e+000  5.2652753819173681e-001  1.1246075741771544e+000  1.0000000000000000e+000  1.1283225035186714e-001
  4.0553875493212654e+000  8.9154296098803321e-001 -6.6402395445235269e+000  1.1558666864234237e+000  2.6895053719633628e+000 -1.5300719179803244e+000  1.2132522172788733e+000  5.7673162424623561e+000  4.4404236871177477e-001  7.2469969340441442e-001  1.0000000000000000e+000  1.1212852474884261e-001
  3.8293652788615460e+000  1.0294740330621781e+000 -6.5607313847784496e+000  1.5617104205469541e+000  3.0000000000000000e+000 -1.5836484654733749e+000  1.1005808677926632e+000  4.5799047421566765e+000  5.3549389243695655e-001  1.1448473925143048e+000  1.0000000000000000e+000  1.0982065128952555e-001
  4.0516282808728628e+000  9.3600787484729941e-001 -6.6895555515051726e+000  1.0761404488958917e+000  2.6228745126994091e+000 -1.4336224940842781e+000  1.2395418379942962e+000  6.2578812634176417e+000  4.3541848234386255e-001  6.7797000852715950e-001  1.0000000000000000e+000  1.0705591419986170e-001
  4.0595076051843968e+000  8.8530937963656720e-001 -6.6403258808830543e+000  1.1242899986256762e+000  2.6817263265594300e+000 -1.5361285904351263e+000  1.2252087538643610e+000  5.8071418880125520e+000  4.3251106233816805e-001  6.9786246881426450e-001  1.0000000000000000e+000  1.0564946264376221e-001
  4.0415644525689700e+000  9.2087926873985104e-001 -6.7143910146287391e+000  1.0626735423296021e+000  2.6223659306434333e+000 -1.4068718054532749e+000  1.2449978606346943e+000  6.2634362496886977e+000  4.2970140761199532e-001  6.6654561700472936e-001  1.0000000000000000e+000  1.0370284543911258e-001
  3.9612666067097924e+000  9.4586620279417699e-001 -6.6351818482463258e+000  1.4545156078960439e+000  2.8617244286043690e+000 -1.6076196768813058e+000  1.1247148892544945e+000  5.1141971085647482e+000  5.3710135581164065e-001  1.0182245039875804e+000  1.0000000000000000e+000  1.0080558769278174e-001
  4.0454842926635974e+000  1.3161965269310676e+000 -6.6924019525310170e+000  1.7161250710760683e+000  3.0000000000000000e+000 -1.1109674089510349e+000  1.0839650572902748e+000  5.0695269460246628e+000  6.6523720081318394e-001  1.4513605991590151e+000  1.0000000000000000e+000  9.5132941472538396e-002
  3.9280156472227281e+000  9.6178678417158814e-001 -6.6148773702816621e+000  1.3632691767517546e+000  2.8319011512252459e+000 -1.4955332973941331e+000  1.1481855076905039e+000  5.0944934668015360e+000  4.9164834555749098e-001  9.0383221508724232e-001  1.0000000000000000e+000  9.4961748328777004e-002
  4.0957373778442179e+000  1.4303990056220635e+000 -6.5807194210663962e+000  1.6022883593418284e+000  3.0000000000000000e+000 -1.2096836705693605e+000  1.0939119341970605e+000  4.6909498741843292e+000  5.6636956385052784e-001  1.2146235114802701e+000  1.0000000000000000e+000  9.2898223993987256e-002
  3.7944267690578020e+000  9.8233278350185627e-001 -6.5744384591622547e+000  1.5958298498250267e+000  3.0000000000000000e+000 -1.6135286147683652e+000  1.0948537942720102e+000  4.6723924941482338e+000  5.6128942056623055e-001  1.2033318464883958e+000  1.0000000000000000e+000  9.1711649121284378e-002
  3.8041284250774710e+000  9.8397211768586046e-001 -6.5735776199256604e+000  1.5827835922049696e+000  2.9999216466295779e+000 -1.6156833522189749e+000  1.0969174626187381e+000  4.6364992153434326e+000  5.5129474614138840e-001  1.1804713509324520e+000  1.0000000000000000e+000  9.0151644385074614e-002
  4.0497478139460750e+000  9.1263265261021564e-001 -6.6957572214636336e+000  1.0322570769787323e+000  2.5964675660698813e+000 -1.4322985870993066e+000  1.2549084111504858e+000  6.4904561727232881e+000  4.2725202584182304e-001  6.5154916461486234e-001  1.0000000000000000e+000  8.9876705133468182e-002
  4.0507683902872209e+000  1.3073359390821058e+000 -6.7115768987917335e+000  1.6606435093682068e+000  2.9999830606717484e+000 -1.1183719864401793e+000  1.0870768192784970e+000  4.8718430480292794e+000  6.1469064858029099e-001  1.3277239119257869e+000  1.0000000000000000e+000  8.9694980383846629e-002
  4.0333779597330990e+000  1.3225575702186787e+000 -6.7059250039208909e+000  1.6377735268343443e+000  2.9993765270653920e+000 -1.0404666758922341e+000  1.0893744526871425e+000  4.8014047474756714e+000  5.9557606622476789e-001  1.2817585530466578e+000  1.0000000000000000e+000  8.7349179446328251e-002
  4.0106257664190048e+000  9.3452523058450088e-001 -6.6690120664021508e+000  1.0914478076628138e+000  2.6470906894041173e+000 -1.3447541058233530e+000  1.2355335312209523e+000  6.0641104039969393e+000  4.3213898314525329e-001  6.8170911852742455e-001  1.0000000000000000e+000  8.1824263835477418e-002
  3.8250898178043840e+000  9.9249279336247687e-001 -6.5711841498542567e+000  1.5867156306978332e+000  2.9999221510870617e+000 -1.6190055012077711e+000  1.0962782810643352e+000  4.6473215041737372e+000  5.5429427204096993e-001  1.1872960976288223e+000  1.0000000000000000e+000  7.6317705113712872e-002
  3.8205841880367073e+000  9.3418278827068113e-001 -6.5497109692989577e+000  1.5511671929708839e+000  3.0000000000000000e+000 -1.5653906338410919e+000  1.1025587090794378e+000  4.5529178981489853e+000  5.2782615861538906e-001  1.1276796147053056e+000  1.0000000000000000e+000  7.2945046936180216e-002
  4.0414282273201660e+000  8.7574585642019120e-001 -6.6169257631603662e+000  1.1884822515372373e+000  2.7342624300118779e+000 -1.5047098372477130e+000  1.2037496346395486e+000  5.4734085130842605e+000  4.4043082657837795e-001  7.4012119538364274e-001  1.0000000000000000e+000  6.9902562767436269e-002
