  1.1186292256358632e+000  2.4435569859815598e-002  2.9188869936709516e+001  4.7886838153752898e-001  2.3252161724615965e-002  1.3796086266787098e-003  3.2371665290517271e+000  2.8028012857229889e-002  3.2365001917839521e+001  5.5761604910020246e-001  7.6044953205213595e-001  4.3667801948809801e-003  2.1522100396535753e+000  0.0000000000000000e+000  2.2796508095835902e-001  1.0191136067159083e+000
  1.2613974785965980e+000  2.1745021201051186e-002  2.1779673174144623e+001  4.2610714190344667e-001  2.4356031181955829e-002  1.6207097081462106e-003  3.7914039255256053e+000  2.8633008261775394e-002  3.7796653555396666e+001  5.6982234237641549e-001  7.6207989020511535e-001  5.1646821800160440e-003  2.1302592393177058e+000  0.0000000000000000e+000  1.5001920950572023e-001  6.4235016357689612e-001
  1.0836364534966645e+000  3.4990483621663071e-002  5.0416702371865604e+001  6.8639910552892536e-001  2.5355778005559534e-002  1.1883353717924438e-003  2.1386564022036136e+000  2.7367961853490330e-002  2.1396320203943098e+001  5.4430715391177564e-001  7.5716380431591290e-001  2.7599822790401810e-003  2.1239365478586265e+000  0.0000000000000000e+000  1.9398625268191874e-001  1.5055802929609339e+000
  1.2604825215921429e+000  2.1810040861925676e-002  2.1846441396038614e+001  4.2736602314976541e-001  2.4381125608942528e-002  1.6184225026030714e-003  3.7777331061032537e+000  2.8625570878364925e-002  3.7649496314881830e+001  5.6967224328610122e-001  7.6202796760393465e-001  5.1443240432077070e-003  2.1295000138946469e+000  0.0000000000000000e+000  1.5059030682941191e-001  6.2946176723149272e-001
  1.2481599631156253e+000  2.1937104674337286e-002  2.2161103664772401e+001  4.2984336966776049e-001  2.4277056369959478e-002  1.5989208230556935e-003  3.7344727277398047e+000  2.8579964428062432e-002  3.7259327825953285e+001  5.6875185101600501e-001  7.6191484258932685e-001  5.0840012240968811e-003  2.1318327280377378e+000  0.0000000000000000e+000  1.5754859595050039e-001  6.5514203723172981e-001
  1.0839665558618417e+000  3.3887718031250354e-002  4.7888306148773374e+001  6.6464920649096948e-001  2.5168795550676578e-002  1.2035411669502943e-003  2.2131717834720579e+000  2.7418511525435507e-002  2.2140136261760997e+001  5.4532610666463732e-001  7.5738672155014697e-001  2.8689762403138058e-003  2.1259534212205580e+000  0.0000000000000000e+000  1.9734969636092595e-001  1.4502633200543782e+000
  1.2330804576988148e+000  2.2209456757069260e-002  2.2685383182153988e+001  4.3515379617693761e-001  2.4203397434865249e-002  1.5734107720704450e-003  3.6589352653361154e+000  2.8514319968606427e-002  3.6535925269093660e+001  5.6742713959255831e-001  7.6169779386952896e-001  4.9765376481774454e-003  2.1332156947277423e+000  0.0000000000000000e+000  1.6508463521586378e-001  6.7888937012691863e-001
  1.2030285467225739e+000  2.2672226240434357e-002  2.3801271961077482e+001  4.4419245296427501e-001  2.3977795472900451e-002  1.5239104929428834e-003  3.5459509186752207e+000  2.8394182771491305e-002  3.5455586528187631e+001  5.6500297850236514e-001  7.6137653464918453e-001  4.8185922057366881e-003  2.1379075728398504e+000  0.0000000000000000e+000  1.8112023272096708e-001  7.3737027259425481e-001
  1.0846534653253923e+000  3.2995825127298033e-002  4.5894530495631017e+001  6.4706855518852668e-001  2.5013146176756509e-002  1.2164396433217933e-003  2.2780155218174514e+000  2.7461656072859775e-002  2.2787514470954925e+001  5.4619583060684107e-001  7.5758065303972233e-001  2.9638256240744447e-003  2.1277157446118609e+000  0.0000000000000000e+000  2.0010298756139605e-001  1.4065779381559362e+000
  1.0969760544471376e+000  2.8500542494394852e-002  3.6394627194243661e+001  5.5860646560070071e-001  2.4197191848885004e-002  1.2940798707464156e-003  2.6854775104307205e+000  2.7721987093922706e-002  2.6855642856332143e+001  5.5144445583911583e-001  7.5879917563558907e-001  3.5598076226852626e-003  2.1378701485757223e+000  0.0000000000000000e+000  2.1287591389951277e-001  1.1862505886099117e+000
  1.1045211652049203e+000  2.6647201342749286e-002  3.3021978028438625e+001  5.2223082423017342e-001  2.3774826203417233e-002  1.3297374248025199e-003  2.9102110563391737e+000  2.7848747905719007e-002  2.9099987852617211e+001  5.5400060648498517e-001  7.5947124700956514e-001  3.8885368462252407e-003  2.1440255358965485e+000  0.0000000000000000e+000  2.2016902480207673e-001  1.1126178546603971e+000
  1.2504519133543215e+000  2.2047790603516231e-002  2.2222550726010173e+001  4.3200773337269449e-001  2.4368153224543661e-002  1.6006074798211585e-003  3.7061753418637942e+000  2.8574423283423744e-002  3.6956961766581337e+001  5.6864002692404192e-001  7.6182310240890183e-001  5.0412996587001040e-003  2.1297326861693744e+000  0.0000000000000000e+000  1.5450788894307196e-001  6.5167755247323622e-001
  1.1031192913644323e+000  2.7130336134862470e-002  3.3810775253670847e+001  5.3170255359398011e-001  2.3906377337158956e-002  1.3212211527324088e-003  2.8469147419152083e+000  2.7816426811859696e-002  2.8467661504043754e+001  5.5334881687037196e-001  7.5928200024501413e-001  3.7959419760428999e-003  2.1420076979560396e+000  0.0000000000000000e+000  2.1746931408249087e-001  1.1266168606275193e+000
  1.1728415526509639e+000  2.3980781901126319e-002  2.6070926700978145e+001  4.6979204257439805e-001  2.4081366334337675e-002  1.4626653033627741e-003  3.2809600913985584e+000  2.8208270452497963e-002  3.2796931823980422e+001  5.6125214725805961e-001  7.6058346077009686e-001  4.4307231821142309e-003  2.1360334839362003e+000  0.0000000000000000e+000  1.8834173690190734e-001  8.2277914036873356e-001
  1.1686228260810865e+000  2.4433649413996235e-002  2.6727773484772115e+001  4.7864875234585158e-001  2.4203992207361667e-002  1.4503870816983285e-003  3.1970713275787883e+000  2.8162907685357119e-002  3.1957917733364752e+001  5.6033704409948015e-001  7.6033192371670921e-001  4.3079973541406760e-003  2.1337970035519107e+000  0.0000000000000000e+000  1.8683792872291305e-001  8.3779132674764900e-001
  1.0915268730807008e+000  2.9725669281875384e-002  3.8934787960652798e+001  5.8269535513744564e-001  2.4415244338164995e-002  1.2699543889707675e-003  2.5592543434013848e+000  2.7641637102270078e-002  2.5595462146097031e+001  5.4982434954415282e-001  7.5842170092373884e-001  3.3751915113146534e-003  2.1350270014137553e+000  0.0000000000000000e+000  2.1005736468802139e-001  1.2496206658107090e+000
  1.0867227896029468e+000  3.2064846946467052e-002  4.3744099594503197e+001  6.2871822969971414e-001  2.4869440381961372e-002  1.2317742576451835e-003  2.3492651731935759e+000  2.7511324456231945e-002  2.3498715394931274e+001  5.4719710969970059e-001  7.5779377699709682e-001  3.0680363076148499e-003  2.1292727758682726e+000  0.0000000000000000e+000  2.0208465947769483e-001  1.3537834068675190e+000
  1.0891290213246876e+000  3.0431774124201155e-002  4.0421344969754195e+001  5.9658580098468028e-001  2.4541711102818997e-002  1.2571073093561029e-003  2.4922458049050995e+000  2.7598761776645331e-002  2.4926461254104854e+001  5.4895990116001769e-001  7.5822130276737520e-001  3.2771819212793901e-003  2.1334280511299029e+000  0.0000000000000000e+000  2.0820260734466170e-001  1.2852558051458183e+000
  1.2570572413754826e+000  2.1872107941433121e-002  2.1955033517453042e+001  4.2857608842688633e-001  2.4367459798653113e-002  1.6126081802096553e-003  3.7584526050104614e+000  2.8610244113111971e-002  3.7465435775586776e+001  5.6936292642841480e-001  7.6197310731734447e-001  5.1167417596511937e-003  2.1297462763049095e+000  0.0000000000000000e+000  1.5225883603863280e-001  6.3527884871439233e-001
  1.1385516773922866e+000  2.4350254469659004e-002  2.7932920272217000e+001  4.7711003425137088e-001  2.3606593013048870e-002  1.4089790265376530e-003  3.2401426475552011e+000  2.8091256558641087e-002  3.2390288715991964e+001  5.5889170807891553e-001  7.6045955860101366e-001  4.3709988726464630e-003  2.1458442693357793e+000  0.0000000000000000e+000  2.1193583971337981e-001  9.3142534204369365e-001
  1.0840719022277672e+000  3.3722146542701364e-002  4.7513681966287564e+001  6.6138490716227694e-001  2.5140308677320630e-002  1.2059026494094830e-003  2.2248920502652219e+000  2.7426400215342817e-002  2.2257157091250708e+001  5.4548512710128172e-001  7.5742176846504183e-001  2.8861203099129068e-003  2.1262794253938027e+000  0.0000000000000000e+000  1.9785877259034781e-001  1.4420842563431484e+000
  1.1933392006712991e+000  2.3625348419914375e-002  2.5038681006683223e+001  4.6281667596120241e-001  2.4274135777177935e-002  1.4967151383384204e-003  3.3383286562346459e+000  2.8287747611109415e-002  3.3369244128562499e+001  5.6285553741273020e-001  7.6075051515667758e-001  4.5134637314158711e-003  2.1318342234021959e+000  0.0000000000000000e+000  1.7728201112459149e-001  7.6597071112014170e-001
  1.1985633178623869e+000  2.2718370170440060e-002  2.3962796425509872e+001  4.4509448708006255e-001  2.3929306489094550e-002  1.5168884876663972e-003  3.5373160668892467e+000  2.8378803536051711e-002  3.5367268913456350e+001  5.6469267254558275e-001  7.6134946826305427e-001  4.8059269863815549e-003  2.1390050376789236e+000  0.0000000000000000e+000  1.8396169090970835e-001  7.4504478539563190e-001
  1.2248015292646510e+000  2.2901842139643788e-002  2.3518649207852906e+001  4.4867641380799816e-001  2.4430241518882768e-002  1.5517158431304777e-003  3.4890035743477537e+000  2.8427935711764940e-002  3.4818174365137764e+001  5.6568402592266942e-001  7.6118093925779151e-001  4.7268018258898419e-003  2.1279958438500790e+000  0.0000000000000000e+000  1.6289073666028450e-001  6.9740400129145186e-001
  1.1297867581860086e+000  2.4842866529032778e-002  2.8982841848305867e+001  4.8677771860160945e-001  2.3635219065936231e-002  1.3898420906919685e-003  3.1615375716082514e+000  2.8033111570543223e-002  3.1606590053279685e+001  5.5771888994190277e-001  7.6022395403542986e-001  4.2560481268113619e-003  2.1455819736006032e+000  0.0000000000000000e+000  2.1429646580317643e-001  9.6998306071967111e-001
  1.1530296564079461e+000  2.3376025607717794e-002  2.6181392064397688e+001  4.5802281393631239e-001  2.3458115869227070e-002  1.4429047564270714e-003  3.4154725262133727e+000  2.8202370895057394e-002  3.4139685502986573e+001  5.6113313319447222e-001  7.6098510976534817e-001  4.6274485056828872e-003  2.1482220344893186e+000  0.0000000000000000e+000  2.1083187905089204e-001  8.7421665862415154e-001
  1.0873889484583150e+000  3.1189737109627347e-002  4.1999614931909399e+001  6.1149972882489323e-001  2.4685094842113293e-002  1.2444863103035007e-003  2.4241439775694431e+000  2.7555943333512189e-002  2.4246486149293272e+001  5.4809663563103861e-001  7.5801765574629565e-001  3.1775695253131488e-003  2.1316263479281781e+000  0.0000000000000000e+000  2.0578055622731756e-001  1.3205125863922140e+000
  1.2097664102976124e+000  2.2609990650015351e-002  2.3572090239938333e+001  4.4297299584940292e-001  2.4053650994555049e-002  1.5344006557125723e-003  3.5598799927980096e+000  2.8417390670342879e-002  3.5586025011669122e+001  5.6547125173965895e-001  7.6141384352071528e-001  4.8373003599901689e-003  2.1363777458612740e+000  0.0000000000000000e+000  1.7706718532222659e-001  7.2155752376121929e-001
  1.0909615723276607e+000  3.0089313457758494e-002  3.9615856859120207e+001  5.8984093419169936e-001  2.4498429588080246e-002  1.2642534190754574e-003  2.5231713341175972e+000  2.7621118521409027e-002  2.5235087049767820e+001  5.4941065129799149e-001  7.5831382174957618e-001  3.3224087073421837e-003  2.1338916746480581e+000  0.0000000000000000e+000  2.0837288701715087e-001  1.2623323899017731e+000
  1.1866528766385964e+000  2.2847423475504086e-002  2.4430245217461234e+001  4.4763133401338190e-001  2.3796089345509388e-002  1.4981110149000821e-003  3.5114945541758456e+000  2.8335883130682582e-002  3.5103480363101646e+001  5.6382669452011669e-001  7.6127509414364236e-001  4.7679947832656895e-003  2.1413808813339243e+000  0.0000000000000000e+000  1.9087348996832038e-001  7.7948248538931753e-001
  1.2198782549935179e+000  2.2254696092831743e-002  2.3000295740242159e+001  4.3603513676612038e-001  2.4029840512535816e-002  1.5538871407352870e-003  3.6449711516916796e+000  2.8475895437542142e-002  3.6431534151229556e+001  5.6665176813629081e-001  7.6166923042540879e-001  4.9605627281292600e-003  2.1368186187159122e+000  0.0000000000000000e+000  1.7392343417233944e-001  7.0397436321785500e-001
  1.1247790723401490e+000  2.5450772377650928e-002  3.0018788470976052e+001  4.9869045384670385e-001  2.3771114141140550e-002  1.3744687794657695e-003  3.0667420932184051e+000  2.7979173276540426e-002  3.0660125129013256e+001  5.5663098257203458e-001  7.5994017937168945e-001  4.1173887613931183e-003  2.1434138426667437e+000  0.0000000000000000e+000  2.1264379082440496e-001  9.9649600781292724e-001
  1.2157881579301333e+000  2.3677366589474069e-002  2.4509866653860012e+001  4.6382474345566410e-001  2.4664933585025979e-002  1.5278929639963332e-003  3.3163287492528539e+000  2.8336490174198925e-002  3.3077372249591647e+001  5.6383894220338249e-001  7.6065873018370178e-001  4.4734568396516405e-003  2.1229067305720144e+000  0.0000000000000000e+000  1.6125625006050123e-001  7.2102126122757793e-001
  1.0934300455375492e+000  2.9018310795592708e-002  3.7567419537768657e+001  5.6879468139880740e-001  2.4264514608381884e-002  1.2821580883848513e-003  2.6318663423985917e+000  2.7684263285201460e-002  2.6320576878668984e+001  5.5068381048970316e-001  7.5863882110989389e-001  3.4814041617991960e-003  2.1370781391270670e+000  0.0000000000000000e+000  2.1277817289671022e-001  1.2206856085100708e+000
  1.1117646963810723e+000  2.5387747196334704e-002  3.0813257229594786e+001  4.9753172505402976e-001  2.3479247862955258e-002  1.3569982002063373e-003  3.0873013905420326e+000  2.7946384496421839e-002  3.0868473528122159e+001  5.5596967780679485e-001  7.6000103479775971e-001  4.1475715743748490e-003  2.1485732331502350e+000  0.0000000000000000e+000  2.2478360129338451e-001  1.0603901236724753e+000
  1.1969838558362138e+000  2.3527176959706526e-002  2.4833071008887419e+001  4.6089685338740455e-001  2.4288979363195847e-002  1.5032732969820417e-003  3.3570260210455931e+000  2.8304812542543356e-002  3.3552130372334119e+001  5.6319982535690194e-001  7.6080522768080738e-001  4.5400897614424861e-003  2.1314392056074740e+000  0.0000000000000000e+000  1.7567935177237146e-001  7.5788793079764172e-001
  1.1489019714813267e+000  2.4388074604437100e-002  2.7478347112869130e+001  4.7781156402060981e-001  2.3819401731250939e-002  1.4231094920102757e-003  3.2250207020891306e+000  2.8116488785352889e-002  3.2236400896298576e+001  5.5940067736588439e-001  7.6041485028831102e-001  4.3488334724224240e-003  2.1417185339249141e+000  0.0000000000000000e+000  2.0293005640268943e-001  8.9528763708341330e-001
  1.1752463297977700e+000  2.3539843792895674e-002  2.5510764541288321e+001  4.6117337424279797e-001  2.3925379231486615e-002  1.4722184323017441e-003  3.3686285900439152e+000  2.8249270218705824e-002  3.3672921955063536e+001  5.6207927032900429e-001  7.6084623164776988e-001  4.5589611802392960e-003  2.1390159694970805e+000  0.0000000000000000e+000  1.9137960328251419e-001  8.1276204534114804e-001
  1.2180273561236297e+000  2.2611025269109998e-002  2.3381630381366918e+001  4.4299343234356203e-001  2.4181903756733607e-002  1.5461799546631963e-003  3.5587132531552079e+000  2.8438238859542331e-002  3.5554828284536363e+001  5.6589192136694777e-001  7.6140362606426604e-001  4.8325853952460827e-003  2.1335632101285298e+000  0.0000000000000000e+000  1.7103031046625525e-001  7.0686437595296248e-001
  1.1075181086052732e+000  2.6053328681418519e-002  3.1986103181770410e+001  5.1058405479638158e-001  2.3632231354940282e-002  1.3419979223007945e-003  2.9911631918488304e+000  2.7892957481008507e-002  2.9908447807706338e+001  5.5489217330312357e-001  7.5971338421680046e-001  4.0069496130308649e-003  2.1462013438323737e+000  0.0000000000000000e+000  2.2256430794040136e-001  1.0893410040538813e+000
  1.2212065821045086e+000  2.2674044014954077e-002  2.3372513289901374e+001  4.4422487307248643e-001  2.4262110129732846e-002  1.5498237261173417e-003  3.5434388845504223e+000  2.8440438348700470e-002  3.5389012270915792e+001  5.6593630261480676e-001  7.6135302867958399e-001  4.8087717754038521e-003  2.1317954086683821e+000  0.0000000000000000e+000  1.6800805975260244e-001  7.0147421571396129e-001
  1.0879008723043180e+000  3.1045258249722214e-002  4.1670282840252426e+001  6.0865395751705964e-001  2.4663309385626126e-002  1.2471351341786154e-003  2.4364355775047031e+000  2.7564535054072969e-002  2.4369173763984563e+001  5.4826985100575776e-001  7.5805442271628454e-001  3.1955466194517473e-003  2.1318678844976868e+000  0.0000000000000000e+000  2.0601897004164574e-001  1.3119777618899593e+000
  1.2383126506599402e+000  2.2006724412545375e-002  2.2398843043293972e+001  4.3119578281421095e-001  2.4173769480956408e-002  1.5838049929389961e-003  3.7126484856633866e+000  2.8547710523449066e-002  3.7070352850703394e+001  5.6810095359391433e-001  7.6185843088152394e-001  5.0546611338287348e-003  2.1339839397071194e+000  0.0000000000000000e+000  1.6387834110809565e-001  6.6940131111115397e-001
  1.1597124044631308e+000  2.3202229690493677e-002  2.5723145591835497e+001  4.5460931997190496e-001  2.3499665695018712e-002  1.4548081669960033e-003  3.4475946103425237e+000  2.8234328092853422e-002  3.4459226542638113e+001  5.6177782632659223e-001  7.6108173485118225e-001  4.6744273864687824e-003  2.1473613951918709e+000  0.0000000000000000e+000  2.0751476998849266e-001  8.5224019981201238e-001
  1.1071643596680314e+000  2.6111991862257038e-002  3.2090868613034480e+001  5.1173464546948544e-001  2.3645552687733697e-002  1.3407054385735113e-003  2.9829851944008308e+000  2.7888390803279428e-002  2.9826730464538343e+001  5.5480007613140359e-001  7.5968894547905119e-001  3.9949863416763078e-003  2.1459770211878322e+000  0.0000000000000000e+000  2.2236859963542852e-001  1.0919023983729403e+000
  1.1007959283066044e+000  2.7580408952351150e-002  3.4658595501485188e+001  5.4053811260344886e-001  2.4000651201172316e-002  1.3118732039533476e-003  2.7916886399093528e+000  2.7784034915429690e-002  2.7916216989207665e+001  5.5269562000927230e-001  7.5911681930869390e-001  3.7151635741658647e-003  2.1406477482830093e+000  0.0000000000000000e+000  2.1608122980730907e-001  1.1469568280759439e+000
  1.0850303290748575e+000  3.2649970596694174e-002  4.5134090008045028e+001  6.4025494813591199e-001  2.4951768136729436e-002  1.2215954588360592e-003  2.3043854755763764e+000  2.7478889312395838e-002  2.3050786872992006e+001  5.4654323490964885e-001  7.5765951711095103e-001  3.0023975925627666e-003  2.1284264811603011e+000  0.0000000000000000e+000  2.0117962447877122e-001  1.3898579762015015e+000
  1.1592105785948164e+000  2.3256067593745513e-002  2.5799406762230433e+001  4.5566245202300787e-001  2.3515102607471000e-002  1.4533514810187243e-003  3.4367949889230101e+000  2.8228754700400094e-002  3.4351366852862398e+001  5.6166538924873599e-001  7.6104937046592536e-001  4.6586290103019477e-003  2.1470818214518377e+000  0.0000000000000000e+000  2.0728014364109312e-001  8.5413526533530415e-001
  1.1286120545263354e+000  2.5043556675092414e-002  2.9291226806022742e+001  4.9070740875329288e-001  2.3691024353043742e-002  1.3854401264341192e-003  3.1291022663780907e+000  2.8016473465286129e-002  3.1282605871527682e+001  5.5738330191399221e-001  7.6012687877379748e-001  4.2086002526807130e-003  2.1446549934261716e+000  0.0000000000000000e+000  2.1329644869817657e-001  9.7648713026524103e-001
  1.2176538451209802e+000  2.2827332139489977e-002  2.3601820466139689e+001  4.4721889259505782e-001  2.4283670669060335e-002  1.5425791002894533e-003  3.5074146411580784e+000  2.8417431067949250e-002  3.5031344981681094e+001  5.6547206686436979e-001  7.6124599276724270e-001  4.7564424025846874e-003  2.1313324706576462e+000  0.0000000000000000e+000  1.6876449936005342e-001  7.0927573835185764e-001
