  9.9923470880992102e+000 -4.9654754329420543e+000 -8.4105649433650047e+000  2.7936033690379736e+000  2.3342491913098233e+000 -1.1268139885593702e+000  2.9410875330168920e+000  9.7638701985045395e-001  3.3966835948860901e+000  6.5901531714225070e-001  1.3091207795621868e+001  1.0000000000000000e+000                      Inf
  9.9969025882188038e+000 -4.9738332220010175e+000 -8.4247946069133111e+000  2.6719516029389667e+000  2.4032431925220852e+000 -1.0887367108719495e+000  2.8034667446900055e+000  9.8194769017345529e-001  3.4581009823604871e+000  6.7152309224162210e-001  9.5061180140129924e+000  1.0000000000000000e+000                      Inf
  9.0543624648623151e+000 -5.4943118020705972e+000 -7.9850761686592939e+000  1.1249549110995574e+000  2.6118913724531541e+000 -7.0780159645955698e-001  9.5909162378149759e-001  1.2214559014362316e+000  6.0515172344906274e+000  4.4638417850986201e-001  7.0093081263541968e-001  1.0000000000000000e+000                      Inf
  8.9457081320690399e+000 -5.3107530672063170e+000 -8.0113212196076766e+000  1.0949710907537646e+000  2.6288738597181327e+000 -7.0713141958184056e-001  8.8774113758980233e-001  1.2341491144024532e+000  6.0038155416055039e+000  4.3036167136036230e-001  6.7368458084916871e-001  1.0000000000000000e+000                      Inf
  8.8826121376893585e+000 -5.4763173813776440e+000 -7.8906228121334276e+000  1.5460832332501691e+000  2.9290803007709583e+000 -7.2532418826805034e-001  1.5568808548063457e+000  1.0999248358464779e+000  4.3187828176093381e+000  4.9965481989773292e-001  1.0773835032424315e+000  1.0000000000000000e+000  2.1660181662353453e-001
  8.9303200226329196e+000 -5.3238379638673496e+000 -8.0140205226042109e+000  1.1179033692198683e+000  2.6379796391184049e+000 -6.9844592998104627e-001  9.8363631099164228e-001  1.2263689489993750e+000  5.8504996485330860e+000  4.3195448632965933e-001  6.8321395728005274e-001  1.0000000000000000e+000  2.1088868327963159e-001
  9.9998448387669523e+000 -5.0396032711394518e+000 -8.3995618457910588e+000  2.7224291842450485e+000  2.4194036910396437e+000 -1.1147547607052337e+000  2.8592153936108913e+000  9.7964300716839126e-001  3.4343533250326881e+000  6.6790812709414615e-001  1.0818108930411945e+001  1.0000000000000000e+000  2.0815964326108485e-001
  9.7933942119432409e+000 -5.2025436098531284e+000 -8.4063137902464842e+000  2.3590868132826404e+000  2.5300818705620935e+000 -9.5780250554527546e-001  2.5141137101539397e+000  9.9417792680361883e-001  3.5023633785825217e+000  6.3199299418728361e-001  4.7798143356787737e+000  1.0000000000000000e+000  2.0541119479905229e-001
  8.9027703385511270e+000 -5.2142190597270686e+000 -8.0288755404140133e+000  1.2798600901705550e+000  2.6213796024190379e+000 -9.9690180536817330e-001  1.2591798976308406e+000  1.1688133043148112e+000  5.5490607350056180e+000  4.8717177262151001e-001  8.1620355187920024e-001  1.0000000000000000e+000  1.9812251406624526e-001
  9.3879624258094250e+000 -4.9722254079707975e+000 -8.2161808885647041e+000  1.9565389516284581e+000  2.7651184282379240e+000 -1.2509949405256560e-001  2.1043304878045253e+000  1.0293880855775344e+000  3.7879750887346781e+000  5.8775492010820340e-001  2.1026580364077363e+000  1.0000000000000000e+000  1.8369893049906599e-001
  9.9996229570718995e+000 -4.9702973562377348e+000 -8.4355200812461959e+000  2.7481705926478548e+000  2.3936167614654020e+000 -1.0885829232035120e+000  2.8964129844927009e+000  9.7765109752980228e-001  3.4030723392263376e+000  6.5703839339646319e-001  1.1721373113850893e+001  1.0000000000000000e+000  1.7168766078759806e-001
  9.3574673557417807e+000 -4.9669343179219254e+000 -8.2097077204997753e+000  1.9368411195941111e+000  2.7886120757181190e+000 -2.0315410068313910e-001  2.0315180191062336e+000  1.0363341818532814e+000  3.9907362744817196e+000  6.1932299161597049e-001  1.9766763051274436e+000  1.0000000000000000e+000  1.6726125384617724e-001
  9.8997687228225928e+000 -5.0306567567885381e+000 -8.3165986957279472e+000  2.5386926726498786e+000  2.5092848938437005e+000 -1.0657837838456359e+000  2.6903252473284027e+000  9.8511210410389827e-001  3.4451269414620578e+000  6.4584686130247471e-001  7.1454459724290782e+000  1.0000000000000000e+000  1.6422258393815758e-001
  8.8740233211545885e+000 -5.3006428502802905e+000 -7.9456817948483582e+000  1.1573495274675347e+000  2.6474302719521829e+000 -7.2194198554558786e-001  1.1003748679940570e+000  1.2125412145477310e+000  5.6471862759898004e+000  4.3727009682818002e-001  7.0436468248361528e-001  1.0000000000000000e+000  1.6110359117093251e-001
  8.9549960657720078e+000 -5.4757039984386005e+000 -7.8127951664284030e+000  1.7785585573398204e+000  3.0000000000000000e+000 -6.1328703809650698e-001  1.8758281090248436e+000  1.0542178991520594e+000  3.9522410709684852e+000  5.4843262702823936e-001  1.5185676125742027e+000  1.0000000000000000e+000  1.5882158609015817e-001
  9.5763543045087154e+000 -5.2165053271706006e+000 -8.5723838024261063e+000  2.0522449818719215e+000  2.4638045866009417e+000 -9.1135991471184408e-001  2.2015295373795474e+000  1.0192758139432889e+000  3.7179571416057651e+000  6.0641603315067882e-001  2.5183653762670390e+000  1.0000000000000000e+000  1.5793227052121131e-001
  9.5918656953485577e+000 -4.9364572856671245e+000 -8.2525246152282161e+000  2.0190706296460128e+000  2.8260102496636295e+000 -1.1955186607601699e-001  2.1552938814294778e+000  1.0233001063177656e+000  3.7597604425035080e+000  6.0447241827947507e-001  2.3425127497368519e+000  1.0000000000000000e+000  1.5618874396897947e-001
  9.9288883478486269e+000 -4.9922078034887667e+000 -8.3450432792625886e+000  2.4553055109011681e+000  2.5576813324194667e+000 -9.7602017035721544e-001  2.6079179194405455e+000  9.8900085815151118e-001  3.4698886442789978e+000  6.4041980261598641e-001  5.9085548599706410e+000  1.0000000000000000e+000  1.4725422603000338e-001
  1.0000000000000000e+001 -5.0589425426495094e+000 -8.4478130135078366e+000  2.2981023709658679e+000  2.5503622781091297e+000 -9.2788988148106688e-001  2.4213070164200396e+000  1.0016763165444929e+000  3.6209188211808718e+000  6.5578625166971349e-001  4.0429410697583332e+000  1.0000000000000000e+000  1.4603009638147568e-001
  9.9610110967975682e+000 -4.9729283202822510e+000 -8.4192098378499747e+000  2.6122058333294036e+000  2.4041701607635271e+000 -1.0631494011429179e+000  2.7515800101877290e+000  9.8330607416229276e-001  3.4540960168414054e+000  6.6124607910958033e-001  8.3421567886578032e+000  1.0000000000000000e+000  1.4274593827131354e-001
  8.8203856625376229e+000 -5.3571336561957210e+000 -7.9255017333043254e+000  1.2717588527508634e+000  2.6403896968082203e+000 -9.5394692177807838e-001  1.3643189605713708e+000  1.1735810017594779e+000  5.1412094732111955e+000  4.5348420059080086e-001  7.8176862459128593e-001  1.0000000000000000e+000  1.4014175538316165e-001
  9.9300819222648027e+000 -4.9914549453911370e+000 -8.3473400738878158e+000  2.4519680916885838e+000  2.5679857354815407e+000 -9.6408693872950302e-001  2.6013115321719993e+000  9.8950229367650544e-001  3.4791923869853396e+000  6.4328879095377567e-001  5.8391810944118623e+000  1.0000000000000000e+000  1.3993020112730425e-001
  9.5612117328214801e+000 -5.1329717661486463e+000 -8.5909468002313325e+000  2.1338490606274023e+000  2.4962175556555835e+000 -8.2873908361870474e-001  2.2973976871827904e+000  1.0101277000056053e+000  3.6073933731718317e+000  6.0462389986631149e-001  2.9949962056914643e+000  1.0000000000000000e+000  1.3522383587158432e-001
  9.6533609958665352e+000 -5.1203554424023174e+000 -8.5350045828602390e+000  2.2087177280001820e+000  2.5066689968977949e+000 -8.2870406541234021e-001  2.3521477285933683e+000  1.0058095791767903e+000  3.6156190393728007e+000  6.2928632760660164e-001  3.4231414026259612e+000  1.0000000000000000e+000  1.3419639532176647e-001
  8.9027280890879972e+000 -5.5348982958333783e+000 -7.9353329711219578e+000  1.6711304050934517e+000  2.9998325247661626e+000 -7.7249976211045535e-001  1.7010098604786246e+000  1.0739574673117311e+000  4.1293822197115624e+000  5.2985927258402477e-001  1.2807471974478304e+000  1.0000000000000000e+000  1.3312827343365891e-001
  1.0000000000000000e+001 -4.9658877626469291e+000 -8.4227139296604498e+000  2.7848585206529815e+000  2.3491436243757566e+000 -1.1393790615247181e+000  2.9271656355502058e+000  9.7714821085614090e-001  3.4097669079469464e+000  6.6408523396590668e-001  1.2707856086359715e+001  1.0000000000000000e+000  1.3258669606808871e-001
  9.9631771274988967e+000 -4.9729959363054954e+000 -8.4210194681023260e+000  2.6168654978648886e+000  2.3904415863268529e+000 -1.0373734102136891e+000  2.7665192146812219e+000  9.8205474053713238e-001  3.4285217172555087e+000  6.5124647224618748e-001  8.5601016407337287e+000  1.0000000000000000e+000  1.3079438503027185e-001
  9.5579069552283720e+000 -5.1296446576458896e+000 -8.5937273375244487e+000  2.1229220561481408e+000  2.5105228909236490e+000 -8.1555987937140029e-001  2.2305972089728128e+000  1.0171703954824949e+000  3.7949966255780803e+000  6.4899227489500144e-001  2.7973221452323922e+000  1.0000000000000000e+000  1.3059211554228814e-001
  9.9971352147456951e+000 -4.9740869386055007e+000 -8.4248013469183309e+000  2.6730399474326703e+000  2.4031421631069931e+000 -1.0876164551549234e+000  2.8185466408281474e+000  9.8038179432665606e-001  3.4247502917247234e+000  6.5743662995794172e-001  9.7287426007631854e+000  1.0000000000000000e+000  1.2985944738332478e-001
  8.8875347221201633e+000 -5.4865205180968317e+000 -7.8882066774208184e+000  1.5663073522839079e+000  2.9269530262043086e+000 -7.5236926473615851e-001  1.5428424419496340e+000  1.0959720829387627e+000  4.4002108324784670e+000  5.1743610921533167e-001  1.1111996962038100e+000  1.0000000000000000e+000  1.2888810398205602e-001
  8.9241848711975305e+000 -5.3092540273290920e+000 -8.0762722340727748e+000  1.3819277693594278e+000  2.7687303615765653e+000 -6.3061756878209441e-001  1.3913728796272662e+000  1.1411345876511123e+000  4.8336645587212121e+000  4.7775598136504194e-001  8.8636490907844057e-001  1.0000000000000000e+000  1.2642829010686560e-001
  8.9729167634710745e+000 -5.4554368273885023e+000 -7.7959542557612735e+000  1.7670257156954829e+000  2.9817684050403988e+000 -6.1143799180473113e-001  1.8216638711866426e+000  1.0581618210494539e+000  4.0996013424979836e+000  5.6633744110312279e-001  1.4788556020848369e+000  1.0000000000000000e+000  1.2560708251823888e-001
  8.8719189981183177e+000 -5.4701183705166514e+000 -7.8886168749031960e+000  1.5858100297116320e+000  2.9333909646133480e+000 -7.7049020932160261e-001  1.5086565151760976e+000  1.0928388929560875e+000  4.4941084841477688e+000  5.3653960105373932e-001  1.1473765502935687e+000  1.0000000000000000e+000  1.2556406735855025e-001
  1.0000000000000000e+001 -5.0597353502239510e+000 -8.2596070719426624e+000  2.5314529324697546e+000  2.4929723992817023e+000 -1.0397785161339488e+000  2.6669805303023257e+000  9.8715476886417086e-001  3.4869928716810379e+000  6.6117353231738829e-001  6.8743457104804433e+000  1.0000000000000000e+000  1.2515131459087150e-001
  8.9778855954826788e+000 -5.3329893837370932e+000 -8.0118516259163872e+000  1.4300087336546785e+000  2.8211486890679427e+000 -6.1374457298680651e-001  1.4374037598970053e+000  1.1283709211278712e+000  4.6480894742115639e+000  4.8253196395653597e-001  9.3420396492490121e-001  1.0000000000000000e+000  1.2498076915828528e-001
  9.0082103158343543e+000 -5.4739140872528766e+000 -7.9439252106160065e+000  1.6039255522794473e+000  2.9459149510831586e+000 -7.5440776274788157e-001  1.6355595732819712e+000  1.0871461951403034e+000  4.2407668800734379e+000  5.1533861987444418e-001  1.1646600636466422e+000  1.0000000000000000e+000  1.2416214561122296e-001
  8.8848777746885297e+000 -5.3294570845087099e+000 -8.0121263677190839e+000  1.4276047305367687e+000  2.8205781111513950e+000 -6.2386327752926729e-001  1.4728599545190146e+000  1.1289982212661289e+000  4.5646521563895828e+000  4.7382025812730177e-001  9.2570361696578907e-001  1.0000000000000000e+000  1.2033805761511181e-001
  8.8521642217287724e+000 -5.3691291317744101e+000 -7.9443309625030194e+000  1.3272387573684756e+000  2.6434666072443580e+000 -9.3154348707584211e-001  1.3853258955872982e+000  1.1551657856144060e+000  5.1518168505720592e+000  4.7890938509911940e-001  8.4313276314405328e-001  1.0000000000000000e+000  1.1972351935453729e-001
  1.0000000000000000e+001 -5.0759974124978440e+000 -8.4404100105360325e+000  2.2880433666604114e+000  2.5378244142689574e+000 -9.2455429469283967e-001  2.4458828203657048e+000  9.9852833110808303e-001  3.5288284020658951e+000  6.2397665548756120e-001  4.1088064299849885e+000  1.0000000000000000e+000  1.1860528508494680e-001
  9.0252229100583339e+000 -5.5230099187504562e+000 -7.9942687459808743e+000  1.4954426118371120e+000  2.7865399270723494e+000 -7.0933066446614612e-001  1.4653028313781691e+000  1.1116331398727763e+000  4.8430020495519326e+000  5.3034902834518516e-001  1.0322443667323082e+000  1.0000000000000000e+000  1.1822824419851664e-001
  8.8915884274132981e+000 -5.2999928014627349e+000 -7.9543502478995158e+000  1.1671502616449565e+000  2.6462267051414265e+000 -7.2355303078713040e-001  1.1279884681152528e+000  1.2089761533719494e+000  5.6116336849250983e+000  4.3935715676606574e-001  7.1056512618468393e-001  1.0000000000000000e+000  1.1821594419088960e-001
  9.3885928767370999e+000 -4.9571050064700568e+000 -8.2234925422240153e+000  1.8481459638987918e+000  2.7756323833200929e+000 -1.5349223976252485e-001  1.9982991477315819e+000  1.0430328156539457e+000  3.8869148816980199e+000  5.6522889605129922e-001  1.7379909907655897e+000  1.0000000000000000e+000  1.0371889775867428e-001
  9.3544151319052506e+000 -4.9578888861301262e+000 -8.2290721626608345e+000  1.8732940708742978e+000  2.7760377149198643e+000 -1.5740682177242982e-001  2.0179753947032810e+000  1.0399849655216327e+000  3.8791097604400475e+000  5.7373485291212889e-001  1.8102976734315581e+000  1.0000000000000000e+000  1.0297957289830074e-001
  9.9827225674884303e+000 -5.0412726563700767e+000 -8.4527095204797078e+000  2.3185327200646055e+000  2.5105163959851957e+000 -8.9790801053383273e-001  2.4734450683840503e+000  9.9676411117100527e-001  3.5216455322106190e+000  6.2911791863000632e-001  4.3736662493930814e+000  1.0000000000000000e+000  1.0290047869006899e-001
  8.8115211459088734e+000 -5.1930532842057646e+000 -8.0221834552247824e+000  1.2094284811327700e+000  2.6289079240500555e+000 -9.5179094422417632e-001  1.2600857591038179e+000  1.1940198538078313e+000  5.4228150038995304e+000  4.4574874502622008e-001  7.3615604301827164e-001  1.0000000000000000e+000  1.0123854354712383e-001
  8.9615683346373025e+000 -5.4410848655598052e+000 -7.9937627459479090e+000  1.3270539557779588e+000  2.7317374699040124e+000 -7.2428944095564030e-001  1.3217815199691085e+000  1.1569612089683319e+000  5.0291378718491435e+000  4.6944034106870430e-001  8.3624486189368730e-001  1.0000000000000000e+000  9.8710217193706012e-002
  9.3542326376147411e+000 -4.9569925433732100e+000 -8.2235571614771263e+000  1.8682334172804489e+000  2.7761781318071375e+000 -1.6000298495251655e-001  2.0086422952204845e+000  1.0409655800402295e+000  3.8993826460349812e+000  5.7540923938695276e-001  1.7910447157134328e+000  1.0000000000000000e+000  9.5623760432212490e-002
  9.0486858142550162e+000 -5.4933080487752592e+000 -7.9898951469114277e+000  1.1304615753816023e+000  2.6160775120272310e+000 -7.1010518349938845e-001  9.8030752932845222e-001  1.2197609492528170e+000  5.9996438324249537e+000  4.4592666626461902e-001  7.0263271939794469e-001  1.0000000000000000e+000  9.3722619049890224e-002
  8.8926654859136196e+000 -5.4728346824423015e+000 -7.8839120927041684e+000  1.5833832570564503e+000  2.9108269814214101e+000 -7.7274583592224289e-001  1.5097660076222359e+000  1.0934608133974590e+000  4.5618428456677007e+000  5.4276966325963782e-001  1.1462113795321220e+000  1.0000000000000000e+000  9.0956137430981285e-002
  8.9322133831608177e+000 -5.3107719505367266e+000 -8.0697231188817078e+000  1.3558538602387542e+000  2.7808945667735352e+000 -6.3470006378268229e-001  1.3776950856538410e+000  1.1494227873709202e+000  4.7722621299447940e+000  4.6142754057110025e-001  8.5262234806537829e-001  1.0000000000000000e+000  9.0636941787276534e-002
