  9.7638701985045395e-001  3.3608922465878516e-002  1.1279615816790708e+002  6.5901531714225070e-001  2.2336249265302442e-002  1.0599325521787875e-003  2.2839101784619320e+000  2.7180772002195264e-002  2.2842449296240147e+001  5.4053431941976449e-001  7.5754033105530050e-001  2.9722699001827474e-003  2.1511434067023965e+000  0.0000000000000000e+000  2.9440481342023134e-001  1.3091207795621868e+001
  9.8194769017345529e-001  3.4249122346826290e-002  1.0388727899655677e+002  6.7152309224162210e-001  2.2557893540888205e-002  1.0588684370561189e-003  2.2444979859795513e+000  2.7168737321592973e-002  2.2451803866573300e+001  5.4029178247149723e-001  7.5742324963020313e-001  2.9146277378585689e-003  2.1489735979144200e+000  0.0000000000000000e+000  2.8917605503741062e-001  9.5061180140129924e+000
  1.2214559014362316e+000  2.2787010715439159e-002  2.3464448921043410e+001  4.4638417850986201e-001  2.4330343440184688e-002  1.5482619727242681e-003  3.5205332319915019e+000  2.8433181231333648e-002  3.5139953656116553e+001  5.6578986900707129e-001  7.6127197930182711e-001  4.7738485192893206e-003  2.1299261385911081e+000  0.0000000000000000e+000  1.6524781492821325e-001  7.0093081263541968e-001
  1.2341491144024532e+000  2.1965694972182113e-002  2.2431028331556000e+001  4.3036167136036230e-001  2.4097609889426563e-002  1.5782195305651802e-003  3.7250465865278954e+000  2.8543154346476918e-002  3.7199959928856273e+001  5.6800900966293533e-001  7.6189389264818397e-001  5.0737430688382254e-003  2.1351871615049545e+000  0.0000000000000000e+000  1.6656074675681759e-001  6.7368458084916871e-001
  1.0999248358464779e+000  2.5506790588489731e-002  3.1683126633631481e+001  4.9965481989773292e-001  2.3307582009803474e-002  1.3377245601383972e-003  3.0883384653443766e+000  2.7921584675100641e-002  3.0873848253540672e+001  5.5546951340391537e-001  7.5997628002742701e-001  4.1488814575791622e-003  2.1507487792256672e+000  0.0000000000000000e+000  2.3154672097022694e-001  1.0773835032424315e+000
  1.2263689489993750e+000  2.2048228961323236e-002  2.2655434743715045e+001  4.3195448632965933e-001  2.4029541827621806e-002  1.5658075559914929e-003  3.7038730644592874e+000  2.8516332138202705e-002  3.7000273745953493e+001  5.6746774410996359e-001  7.6183095066373174e-001  5.0443936581748595e-003  2.1364619814214736e+000  0.0000000000000000e+000  1.7092557218608381e-001  6.8321395728005274e-001
  9.7964300716839126e-001  3.4063658482809948e-002  1.0779395301599014e+002  6.6790812709414615e-001  2.2477073801394670e-002  1.0582884160209385e-003  2.2551705411461427e+000  2.7170442877390233e-002  2.2557368870935761e+001  5.4032615465236233e-001  7.5745493908186934e-001  2.9302366569263598e-003  2.1496862191862851e+000  0.0000000000000000e+000  2.9117563202105362e-001  1.0818108930411945e+001
  9.9417792680361883e-001  3.2242050417171493e-002  7.5432462693860657e+001  6.3199299418728361e-001  2.2549668708553343e-002  1.1006837271411523e-003  2.4006855462474395e+000  2.7284571284046377e-002  2.4011303151391360e+001  5.4262632180680370e-001  7.5788807667434743e-001  3.1430651891301738e-003  2.1520751938531566e+000  0.0000000000000000e+000  2.8552148703790997e-001  4.7798143356787737e+000
  1.1688133043148112e+000  2.4880922232115348e-002  2.7153700551462382e+001  4.8717177262151001e-001  2.4429535244753210e-002  1.4434985263214572e-003  3.1254335685833485e+000  2.8141840021839615e-002  3.1225571069887707e+001  5.5991205982627612e-001  7.6008374025111924e-001  4.2014243535730168e-003  2.1286476352603509e+000  0.0000000000000000e+000  1.8021067848322758e-001  8.1620355187920024e-001
  1.0293880855775344e+000  3.0005316087706929e-002  4.9831615195773125e+001  5.8775492010820340e-001  2.3006208026909187e-002  1.1778613118839240e-003  2.5987617845773308e+000  2.7487985992870723e-002  2.5986552995850502e+001  5.4672661693851765e-001  7.5848088464638619e-001  3.4327485149390144e-003  2.1513146891791282e+000  0.0000000000000000e+000  2.6399328838618008e-001  2.1026580364077363e+000
  9.7765109752980228e-001  3.3508700083104061e-002  1.0854992260855099e+002  6.5703839339646319e-001  2.2349947678492486e-002  1.0628164168098909e-003  2.2925318894812268e+000  2.7188055919182386e-002  2.2929425245255743e+001  5.4068111480791892e-001  7.5756599602991370e-001  2.9848803658417931e-003  2.1512454881423619e+000  0.0000000000000000e+000  2.9385211371302861e-001  1.1721373113850893e+001
  1.0363341818532814e+000  3.1620004080319022e-002  5.1371299528550630e+001  6.1932299161597049e-001  2.3531246443022461e-002  1.1659713984057509e-003  2.4529348752600235e+000  2.7432451511560485e-002  2.4531138667780596e+001  5.4560711013093055e-001  7.5804880898865812e-001  3.2194741445428256e-003  2.1448887401252543e+000  0.0000000000000000e+000  2.5058032684203640e-001  1.9766763051274436e+000
  9.8511210410389827e-001  3.2942320057866292e-002  8.9881291917345933e+001  6.4584686130247471e-001  2.2439337400112523e-002  1.0796980198582414e-003  2.3410663951214019e+000  2.7230578186099752e-002  2.3415983823725128e+001  5.4153810206098463e-001  7.5771050705441678e-001  3.0558679418487937e-003  2.1516838385683368e+000  0.0000000000000000e+000  2.9026506627811388e-001  7.1454459724290782e+000
  1.2125412145477310e+000  2.2321984811910812e-002  2.3203779587735820e+001  4.3727009682818002e-001  2.3965871789163096e-002  1.5419869680774701e-003  3.6372493676570983e+000  2.8456739877774417e-002  3.6346119971836707e+001  5.6626523749819668e-001  7.6162962848796112e-001  4.9490811368449045e-003  2.1375607797736165e+000  0.0000000000000000e+000  1.7707933670467188e-001  7.0436468248361528e-001
  1.0542178991520594e+000  2.7994663616087687e-002  4.0618882838623804e+001  5.4843262702823936e-001  2.3095903000287580e-002  1.2395863005917021e-003  2.7928567475568471e+000  2.7653547310962479e-002  2.7925320078470421e+001  5.5006448848089384e-001  7.5907557870351905e-001  3.7167257622697514e-003  2.1524092244683088e+000  0.0000000000000000e+000  2.5302100303181985e-001  1.5185676125742027e+000
  1.0192758139432889e+000  3.0954918971565291e-002  5.5529267000773828e+001  6.0641603315067882e-001  2.2953357247350838e-002  1.1513741863001554e-003  2.5141912515525160e+000  2.7414535702141363e-002  2.5142809138500525e+001  5.4524596236777967e-001  7.5822654374881160e-001  3.3090545536906685e-003  2.1507214444152050e+000  0.0000000000000000e+000  2.6896490785477573e-001  2.5183653762670390e+000
  1.0233001063177656e+000  3.0855196242872005e-002  5.3814960679332877e+001  6.0447241827947507e-001  2.3034883048805698e-002  1.1582870376254100e-003  2.5215043819627407e+000  2.7429114627299578e-002  2.5216098495953219e+001  5.4553984457743709e-001  7.5825102064561689e-001  3.3197713235950076e-003  2.1501790902171027e+000  0.0000000000000000e+000  2.6597439259564393e-001  2.3425127497368519e+000
  9.8900085815151118e-001  3.2668159493447695e-002  8.3015132420386365e+001  6.4041980261598641e-001  2.2491152435550856e-002  1.0883226259226332e-003  2.3645739881041195e+000  2.7252355294226538e-002  2.3650866376939121e+001  5.4197700829842432e-001  7.5778054040255072e-001  3.0902500343686044e-003  2.1518016433770999e+000  0.0000000000000000e+000  2.8819368645986859e-001  5.9085548599706410e+000
  1.0016763165444929e+000  3.3460917761134246e-002  7.3592152459872679e+001  6.5578625166971349e-001  2.2941442204791100e-002  1.0948295856495832e-003  2.3120535775859672e+000  2.7252869685628900e-002  2.3127009752805577e+001  5.4198737570089861e-001  7.5762476432377734e-001  3.0134343771554550e-003  2.1477867123845975e+000  0.0000000000000000e+000  2.7617299624349906e-001  4.0429410697583332e+000
  9.8330607416229276e-001  3.3726142713338729e-002  9.7561094208237208e+001  6.6124607910958033e-001  2.2515360957893211e-002  1.0672971624043506e-003  2.2823214041422073e+000  2.7193381124433147e-002  2.2829558584300685e+001  5.4078843623554107e-001  7.5753575137392382e-001  2.9699482299233339e-003  2.1500165670723832e+000  0.0000000000000000e+000  2.8951134974946324e-001  8.3421567886578032e+000
  1.1735810017594779e+000  2.3157670304741119e-002  2.5075320073864731e+001  4.5348420059080086e-001  2.3755266911126442e-002  1.4741546358157517e-003  3.4681636996744203e+000  2.8292715367620236e-002  3.4659732897393482e+001  5.6295576217029542e-001  7.6110555330362761e-001  4.7040433327782197e-003  2.1416101855936742e+000  0.0000000000000000e+000  1.9450676056103211e-001  7.8176862459128593e-001
  9.8950229367650544e-001  3.2814759879597241e-002  8.3068336315492459e+001  6.4328879095377567e-001  2.2527415373154596e-002  1.0870913251653409e-003  2.3537623392688420e+000  2.7247446545629606e-002  2.3543032420331087e+001  5.4187807422260548e-001  7.5774840751061778e-001  3.0744374279607738e-003  2.1513550051808545e+000  0.0000000000000000e+000  2.8742302487804727e-001  5.8391810944118623e+000
  1.0101277000056053e+000  3.0857000490466153e-002  5.9522358025441079e+001  6.0462389986631149e-001  2.2698487892034134e-002  1.1402062768590281e-003  2.5215079223736510e+000  2.7391613651610358e-002  2.5216327734004892e+001  5.4478390773428309e-001  7.5824796942036032e-001  3.3197652658772669e-003  2.1529428654277236e+000  0.0000000000000000e+000  2.7720847064725335e-001  2.9949962056914643e+000
  1.0058095791767903e+000  3.2112697278132207e-002  6.5716264228512671e+001  6.2928632760660164e-001  2.2825549875072994e-002  1.1179193845901609e-003  2.4156305597756518e+000  2.7322727402924185e-002  2.4160174832453436e+001  5.4339538500049755e-001  7.5793291045102351e-001  3.1649192994298164e-003  2.1503308906688177e+000  0.0000000000000000e+000  2.7657781118816915e-001  3.4231414026259612e+000
  1.0739574673117311e+000  2.7045336742658962e-002  3.6372517733382857e+001  5.2985927258402477e-001  2.3263065772398343e-002  1.2803035441065649e-003  2.8924033159851259e+000  2.7757162349195674e-002  2.8919800355176903e+001  5.5215373849629579e-001  7.5938518237682395e-001  3.8623721342076964e-003  2.1510363654125921e+000  0.0000000000000000e+000  2.4216697481441912e-001  1.2807471974478304e+000
  9.7714821085614090e-001  3.3867667771107134e-002  1.1276309962950417e+002  6.6408523396590668e-001  2.2391453657417289e-002  1.0576083230307092e-003  2.2663156191698857e+000  2.7172084020551379e-002  2.2667313179838402e+001  5.4035922877491593e-001  7.5748802678137073e-001  2.9465365338695038e-003  2.1504361749223277e+000  0.0000000000000000e+000  2.9327517891893368e-001  1.2707856086359715e+001
  9.8205474053713238e-001  3.3215746682306015e-002  9.6732178874050049e+001  6.5124647224618748e-001  2.2408484610030664e-002  1.0722154266812787e-003  2.3181912371933873e+000  2.7211319084493590e-002  2.3187154454355323e+001  5.4114995268254162e-001  7.5764238889706692e-001  3.0224105039631834e-003  2.1514190423222530e+000  0.0000000000000000e+000  2.9167089564201104e-001  8.5601016407337287e+000
  1.0171703954824949e+000  3.3126481544264785e-002  6.2525491676544540e+001  6.4899227489500144e-001  2.3300125245343323e-002  1.1199276463896614e-003  2.3393991613420333e+000  2.7311116045916073e-002  2.3399050780880373e+001  5.4316134697627128e-001  7.5770670889351499e-001  3.0534206651136805e-003  2.1455478135154227e+000  0.0000000000000000e+000  2.6350484563281346e-001  2.7973221452323922e+000
  9.8038179432665606e-001  3.3530339791588530e-002  1.0216986661660792e+002  6.5743662995794172e-001  2.2416692552983022e-002  1.0660335362359531e-003  2.2937018965086278e+000  2.7194059712435381e-002  2.2942310306312947e+001  5.4080211218652252e-001  7.5756953124406257e-001  2.9865924554474295e-003  2.1508606094273834e+000  0.0000000000000000e+000  2.9199209134059068e-001  9.7287426007631854e+000
  1.0959720829387627e+000  2.6414585583529781e-002  3.3213932635937809e+001  5.1743610921533167e-001  2.3541992872757614e-002  1.3198794961882640e-003  2.9593638052467170e+000  2.7854836669205074e-002  2.9586447266312199e+001  5.5412339524256993e-001  7.5959206760221321e-001  3.9602455289004905e-003  2.1471066940154255e+000  0.0000000000000000e+000  2.2726183768715896e-001  1.1111996962038100e+000
  1.1411345876511123e+000  2.4395117513419141e-002  2.7740600647523213e+001  4.7775598136504194e-001  2.3705041082255504e-002  1.4111415459922730e-003  3.2420421145004035e+000  2.8110000125820545e-002  3.2399370303692443e+001  5.5926979083899120e-001  7.6043713136167967e-001  4.3734927418967555e-003  2.1433637773354661e+000  0.0000000000000000e+000  2.0688237420110894e-001  8.8636490907844057e-001
  1.0581618210494539e+000  2.8909380976970933e-002  4.1493738967892966e+001  5.6633744110312279e-001  2.3439208935265122e-002  1.2328988685210453e-003  2.6896437631275223e+000  2.7617043127970309e-002  2.6894914633348321e+001  5.4932848367858256e-001  7.5877047965228117e-001  3.5657698187357457e-003  2.1478202762507643e+000  0.0000000000000000e+000  2.4392615682740421e-001  1.4788556020848369e+000
  1.0928388929560875e+000  2.7388177824558688e-002  3.4888048650503045e+001  5.3653960105373932e-001  2.3790896556256120e-002  1.3023823894764291e-003  2.8317676291229645e+000  2.7787663407272234e-002  2.8313162267559555e+001  5.5276878912188820e-001  7.5921398826323339e-001  3.7736410391441787e-003  2.1434077904727999e+000  0.0000000000000000e+000  2.2251354268089793e-001  1.1473765502935687e+000
  9.8715476886417086e-001  3.3724880683999030e-002  9.1028197848044371e+001  6.6117353231738829e-001  2.2609344681918435e-002  1.0723022258726424e-003  2.2854477856860083e+000  2.7203312861741047e-002  2.2861372007053319e+001  5.4098859681007205e-001  7.5754515581952608e-001  2.9745216817262873e-003  2.1494937910721021e+000  0.0000000000000000e+000  2.8678005284189523e-001  6.8743457104804433e+000
  1.1283709211278712e+000  2.4637218085658340e-002  2.8686305321273625e+001  4.8253196395653597e-001  2.3555476033870450e-002  1.3897681586361615e-003  3.2090959437926507e+000  2.8058491342128455e-002  3.2073654813613174e+001  5.5823080649861012e-001  7.6033877025311247e-001  4.3253547481875119e-003  2.1463218757811555e+000  0.0000000000000000e+000  2.1514215798731495e-001  9.3420396492490121e-001
  1.0871461951403034e+000  2.6307459333360324e-002  3.3861065047646306e+001  5.1533861987444418e-001  2.3317424612471157e-002  1.3087587415058549e-003  2.9825345923205244e+000  2.7838623269335505e-002  2.9818084970910142e+001  5.5379643010003399e-001  7.5965541170245809e-001  3.9941418929924817e-003  2.1504493055211951e+000  0.0000000000000000e+000  2.3580640678430381e-001  1.1646600636466422e+000
  1.1289982212661289e+000  2.4192350187661683e-002  2.8127966832016572e+001  4.7382025812730177e-001  2.3388979084408727e-002  1.3966744271532220e-003  3.2882221229326536e+000  2.8092381377818665e-002  3.2863200391798742e+001  5.5891439698819312e-001  7.6057233611882902e-001  4.4410726613620631e-003  2.1491354085560461e+000  0.0000000000000000e+000  2.1907474342819391e-001  9.2570361696578907e-001
  1.1551657856144060e+000  2.4459733363534065e-002  2.7164115896683324e+001  4.7890938509911940e-001  2.4006577070129761e-002  1.4298361319729780e-003  3.2217165300240271e+000  2.8145412465380826e-002  3.2193965118562645e+001  5.5998412379309492e-001  7.6036662326931248e-001  4.3435158373793942e-003  2.1371482804928266e+000  0.0000000000000000e+000  1.9410627920302712e-001  8.4313276314405328e-001
  9.9852833110808303e-001  3.1836275491485169e-002  7.0074811048644136e+001  6.2397665548756120e-001  2.2588434425237065e-002  1.1117601216166961e-003  2.4352189587144100e+000  2.7314191505537044e-002  2.4355788882795082e+001  5.4322333555370683e-001  7.5799093402554352e-001  3.1935713443127026e-003  2.1524121215171750e+000  0.0000000000000000e+000  2.8338017213151151e-001  4.1088064299849885e+000
  1.1116331398727763e+000  2.7082795536613899e-002  3.2833949826299254e+001  5.3034902834518516e-001  2.4120480376223639e-002  1.3324944466711751e-003  2.8529596290699573e+000  2.7860249842042606e-002  2.8517715748564896e+001  5.5423256034444535e-001  7.5927029697362880e-001  3.8043900274831698e-003  2.1372072800094086e+000  0.0000000000000000e+000  2.0648349717145351e-001  1.0322443667323082e+000
  1.2089761533719494e+000  2.2429342087368204e-002  2.3387222747680365e+001  4.3935715676606574e-001  2.3966225613035939e-002  1.5353251355613032e-003  3.6123263880841758e+000  2.8438462986666302e-002  3.6097767299468813e+001  5.6589644379519832e-001  7.6155346658998713e-001  4.9129190564222575e-003  2.1375040662912412e+000  0.0000000000000000e+000  1.7820122555154766e-001  7.1056512618468393e-001
  1.0430328156539457e+000  2.8859644450411236e-002  4.4069565900462777e+001  5.6522889605129922e-001  2.3068457620189803e-002  1.2119938953839618e-003  2.7098525836635776e+000  2.7585254927898317e-002  2.7094469825563749e+001  5.4868758478474433e-001  7.5881382759195171e-001  3.5952049762357288e-003  2.1517847251680711e+000  0.0000000000000000e+000  2.5727344962160442e-001  1.7379909907655897e+000
  1.0399849655216327e+000  2.9293289197130850e-002  4.5563778103247955e+001  5.7373485291212889e-001  2.3102698846837397e-002  1.2019832159246130e-003  2.6660363270956466e+000  2.7554366138340614e-002  2.6657382736669518e+001  5.4806483837937670e-001  7.5868294764647615e-001  3.5311281508600620e-003  2.1510491111786068e+000  0.0000000000000000e+000  2.5779110717572468e-001  1.8102976734315581e+000
  9.9676411117100527e-001  3.2097339075971031e-002  7.2484069420766488e+001  6.2911791863000632e-001  2.2589807024502886e-002  1.1060053844155369e-003  2.4134783343458999e+000  2.7297953256309349e-002  2.4138915587383622e+001  5.4289604154074844e-001  7.5792619103340386e-001  3.1617748048257503e-003  2.1520196925622583e+000  0.0000000000000000e+000  2.8395816411774888e-001  4.3736662493930814e+000
  1.1940198538078313e+000  2.2759637002760423e-002  2.4072832039670100e+001  4.4574874502622008e-001  2.3900748189981700e-002  1.5090378921143609e-003  3.5437715257846172e+000  2.8375187254113143e-002  3.5414454913313804e+001  5.6461970770493863e-001  7.6133835822478513e-001  4.8137559388298778e-003  2.1386690074769907e+000  0.0000000000000000e+000  1.8440606940876703e-001  7.3615604301827164e-001
  1.1569612089683319e+000  2.3970325419670362e-002  2.6577884445001487e+001  4.6944034106870430e-001  2.3817557816340890e-002  1.4395127855569697e-003  3.3076020874770276e+000  2.8181015708323987e-002  3.3055744897750344e+001  5.6070233242803624e-001  7.6063619336470278e-001  4.4694118497339182e-003  2.1409376114614949e+000  0.0000000000000000e+000  1.9884123789835850e-001  8.3624486189368730e-001
  1.0409655800402295e+000  2.9379178279486391e-002  4.5498344759184647e+001  5.7540923938695276e-001  2.3148119532427749e-002  1.2021990939996253e-003  2.6570463014176902e+000  2.7553080201628610e-002  2.6567615470740890e+001  5.4803891311849284e-001  7.5865641736711242e-001  3.5179790786791960e-003  2.1505042278243014e+000  0.0000000000000000e+000  2.5645085152564662e-001  1.7910447157134328e+000
  1.2197609492528170e+000  2.2763833799027289e-002  2.3477437770971498e+001  4.4592666626461902e-001  2.4293589111140931e-002  1.5461511401859587e-003  3.5267335473489840e+000  2.8431535198531588e-002  3.5207669694756362e+001  5.6575665561583222e-001  7.6129171453756872e-001  4.7834802148907507e-003  2.1307007736851471e+000  0.0000000000000000e+000  1.6667656079774607e-001  7.0263271939794469e-001
  1.0934608133974590e+000  2.7707845282377012e-002  3.5277725695661722e+001  5.4276966325963782e-001  2.3908563539597395e-002  1.2988329454896718e-003  2.7916671350165245e+000  2.7772354587153769e-002  2.7912000764491786e+001  5.5246008609403319e-001  7.5909274638379287e-001  3.7149535643181200e-003  2.1415485487271284e+000  0.0000000000000000e+000  2.1920965579725785e-001  1.1462113795321220e+000
  1.1494227873709202e+000  2.3559147021775282e-002  2.6443162814417786e+001  4.6142754057110025e-001  2.3499809496774025e-002  1.4344887220998654e-003  3.3934975482819265e+000  2.8192365562507815e-002  3.3913544278413809e+001  5.6093129329606128e-001  7.6089220570043170e-001  4.5950618615434764e-003  2.1469757105032845e+000  0.0000000000000000e+000  2.0954423138771888e-001  8.5262234806537829e-001
