  4.6924150234722042e+000  6.6526670375468200e+000 -4.1989941836715223e+000 -4.2810748981953610e+000 -6.4587391386061976e-001 -2.5052483124335976e+000  1.5049038984461041e+000  6.6666021379500844e+000  9.9992214032764037e-001  1.6873568820925799e-001  1.0000000000000000e+000                      Inf
  4.6924150295443141e+000  6.6526670361331632e+000 -4.1989941990296931e+000 -4.2810749004675435e+000 -6.4587392207764172e-001 -2.5052487516301944e+000  1.5049039028309392e+000  6.6666021126994295e+000  9.9992215869741319e-001  1.6873579008288719e-001  1.0000000000000000e+000                      Inf
  4.6924155684814037e+000  6.6526673175154869e+000 -4.1989936639852674e+000 -4.2810749788538232e+000 -6.4587379692019098e-001 -2.5052690171967718e+000  1.5049037140611115e+000  6.6666027621532153e+000  9.9992149922788021e-001  1.6873581537832796e-001  1.0000000000000000e+000                      Inf
  4.6347439996616693e+000  6.6570949047837535e+000 -4.1993376427284890e+000 -4.2786128564829333e+000 -7.3763306943860263e-001 -2.4702515862828780e+000  1.5042942832931969e+000  6.6616297358972645e+000  9.9995398804749369e-001  1.6934214426012562e-001  1.0000000000000000e+000                      Inf
  3.8152127394895783e+000  6.6680556728396176e+000 -3.9963315751596120e+000 -4.4515194507625884e+000  2.7001817192507027e+000 -1.4538740793745575e+000  1.2584576174439035e+000  4.9284793708672394e+000  4.7602812216007845e-001  3.5035615827441430e-001  1.0000000000000000e+000                      Inf
  3.6420089140116554e+000  6.9967996719629744e+000 -4.2294945606556489e+000 -4.6115732674369250e+000  2.8988837853273184e+000 -1.9837825199410835e+000  1.1851912280134467e+000  4.0278579845569542e+000  5.1572051644479200e-001  4.5188276546008066e-001  1.0000000000000000e+000                      Inf
  3.7773323016857798e+000  6.6132127353761838e+000 -4.1595152048938209e+000 -4.4159992950220488e+000  2.7243898350069085e+000 -1.7726016765259200e+000  1.2373763816838128e+000  4.7845063618524071e+000  5.7580516935686166e-001  3.1647966084660795e-001  1.0000000000000000e+000  2.6323516096596367e-001
  3.7615160913772625e+000  6.5778494961174889e+000 -4.1602674457962188e+000 -4.3927746975325430e+000  2.1156383258959348e+000 -1.7986304660802963e+000  1.4432014484026323e+000  6.5627597593808646e+000  9.0032634134027190e-001  1.9109343686325442e-001  1.0000000000000000e+000  2.5500844219379770e-001
  3.6386439831341670e+000  6.9987915363038198e+000 -4.2316947375755207e+000 -4.6245374117829119e+000  2.8620248008975717e+000 -1.9643453014470709e+000  1.1883916282617999e+000  4.1588465981612339e+000  5.3892039736302588e-001  4.4311839785525048e-001  1.0000000000000000e+000  2.4671757341414285e-001
  3.7116792604926814e+000  6.7494829085519106e+000 -4.1745063500399562e+000 -4.2208956596138600e+000  2.7494822254588298e+000 -1.7520084731186458e+000  1.2217332587728957e+000  4.6356225712174606e+000  5.6826153065639140e-001  3.5234190935540399e-001  1.0000000000000000e+000  2.3171946176316946e-001
  3.8387145962400386e+000  6.5428843976583444e+000 -4.1890871729800185e+000 -4.4148593905421176e+000  1.9894685885881263e+000 -1.6512219722768224e+000  1.4825579880933202e+000  6.6621371911727518e+000  9.6147652000052519e-001  1.6957306160759170e-001  1.0000000000000000e+000  2.1645342752803157e-001
  3.7580938384896951e+000  6.6839612405507101e+000 -4.3004185797744547e+000 -4.3888285869477546e+000  2.5494560627405547e+000 -1.8618312596955593e+000  1.3045928371017581e+000  5.4667543374346881e+000  8.4539564174397797e-001  2.6495704621220700e-001  1.0000000000000000e+000  2.0534954295836821e-001
  3.7658825057742806e+000  6.5850893136128539e+000 -4.1673149970206538e+000 -4.4088635383757993e+000  2.2333404016875411e+000 -1.8059142943312085e+000  1.4090847847781676e+000  6.3842122518533930e+000  8.7069728083860831e-001  2.0643367793698519e-001  1.0000000000000000e+000  2.0312369980815220e-001
  3.7278054905481479e+000  6.5946306133902581e+000 -4.1556623403239970e+000 -4.4139643958681569e+000  2.5173390044587718e+000 -1.7815163043755124e+000  1.2929051163670158e+000  5.6360272143971688e+000  7.0660197082560650e-001  2.6867871849381708e-001  1.0000000000000000e+000  2.0251747416483504e-001
  3.6695823589042238e+000  6.9722198281876926e+000 -4.2289921320900934e+000 -4.5974047881125752e+000  2.7775883990341517e+000 -1.9600847762119256e+000  1.2004004191887030e+000  4.4789416798003723e+000  5.8971581369696147e-001  4.1584865042638586e-001  1.0000000000000000e+000  1.9203591415286508e-001
  3.6178736654960222e+000  6.9297645501256042e+000 -4.1633054564710026e+000 -4.5072594308980731e+000  2.8456954994858261e+000 -1.8890033315997106e+000  1.2033405524673642e+000  4.2155840552486170e+000  5.0048091390424077e-001  4.2643480037400044e-001  1.0000000000000000e+000  1.8910926686119239e-001
  3.7870117815125739e+000  6.5903226746375774e+000 -4.1611864619295886e+000 -4.4108446554384200e+000  2.6325135407609799e+000 -1.7730989330626084e+000  1.2579845598481270e+000  5.1836266368563493e+000  6.3633629293642890e-001  2.9173338440822971e-001  1.0000000000000000e+000  1.8836644468899744e-001
  3.8173072406349711e+000  6.6684331862417237e+000 -3.9903041817294254e+000 -4.4533297291876179e+000  2.6633460278840784e+000 -1.4109181417727141e+000  1.2617344562956894e+000  5.1117257884502747e+000  4.9013381645698323e-001  3.4715410779643552e-001  1.0000000000000000e+000  1.8398934952816481e-001
  3.7286136175303306e+000  6.6511191325914760e+000 -4.0519889792783186e+000 -4.4555183018699269e+000  2.5373993763848515e+000 -1.7949524190109654e+000  1.2756664955638766e+000  5.6241764509162833e+000  6.0058636711043145e-001  3.1128819446173683e-001  1.0000000000000000e+000  1.8233068332509828e-001
  3.7287737253373576e+000  6.7382288118142331e+000 -4.1855177647665887e+000 -4.2753956183781776e+000  2.6840246471132811e+000 -1.6662156932826810e+000  1.2333896619376186e+000  4.9080507442384853e+000  6.1931478510870497e-001  3.3379760716563467e-001  1.0000000000000000e+000  1.8084569109318704e-001
  3.7508208931671621e+000  6.6133326593574706e+000 -4.1590772437265349e+000 -4.4156208644749757e+000  2.5506112503761114e+000 -1.7960279521293963e+000  1.2796728762255725e+000  5.4994444829099152e+000  6.8746973954947754e-001  2.7951191145993642e-001  1.0000000000000000e+000  1.7504276248071185e-001
  3.4808682966053759e+000  6.8678500638504394e+000 -4.1974912157436943e+000 -4.4457050970901513e+000  2.7731580633736463e+000 -1.9133718438865512e+000  1.2090312110022896e+000  4.5129395063262718e+000  5.6896886990818851e-001  3.8699552252374847e-001  1.0000000000000000e+000  1.5920096938255937e-001
  4.6035429197209927e+000  6.6801591300548644e+000 -4.1979955939247295e+000 -4.2954706390158250e+000 -7.4154916635619716e-001 -2.5415311864987205e+000  1.5004280470386486e+000  6.6419232260078882e+000  9.9643502264393202e-001  1.7307531337974105e-001  1.0000000000000000e+000  1.5447780118291299e-001
  3.8072933048838857e+000  6.6122309298388222e+000 -4.1593378614205649e+000 -4.4103239484775010e+000  2.1630992345741311e+000 -1.8130958049374981e+000  1.4253768675600396e+000  6.4758676297298976e+000  8.8386546166811808e-001  2.0291646927554211e-001  1.0000000000000000e+000  1.5101658324244538e-001
  3.7505860215795717e+000  6.5920621342754711e+000 -4.1602559249031810e+000 -4.4247583975579241e+000  2.4721515460953323e+000 -1.7931998501713138e+000  1.3112696545469633e+000  5.7929936533207123e+000  7.4019767861217034e-001  2.5692668914248651e-001  1.0000000000000000e+000  1.4547634216674277e-001
  3.7484456490264644e+000  6.6136951378594970e+000 -4.1603624255645766e+000 -4.4134370444973037e+000  2.5556476213589971e+000 -1.8480039751814674e+000  1.2780870563017059e+000  5.4795484768793328e+000  6.8538773121718166e-001  2.8043067905551872e-001  1.0000000000000000e+000  1.4297440857486660e-001
  3.7850882329373601e+000  6.5898167485451289e+000 -4.1607421220332386e+000 -4.4147273153117483e+000  2.0027961411495996e+000 -1.7249338882690906e+000  1.4650513956918543e+000  6.6490425399279802e+000  9.2336071783811435e-001  1.8279794720759796e-001  1.0000000000000000e+000  1.4178955383899164e-001
  3.7607298828615026e+000  6.6845056807287744e+000 -4.2940090556379484e+000 -4.3899663172077750e+000  2.6360195973542027e+000 -1.8496587172878081e+000  1.2647535564543422e+000  5.1551152883379103e+000  7.6861518462398781e-001  2.8859141463960747e-001  1.0000000000000000e+000  1.4176811265882602e-001
  3.7509889456948979e+000  6.6385236621423562e+000 -4.1477730153275525e+000 -4.2288265235039866e+000  2.7791221427899240e+000 -1.7306360876187692e+000  1.2291291312046508e+000  4.5429158488158787e+000  5.3373866616262056e-001  3.3558734955147762e-001  1.0000000000000000e+000  1.3717413617596999e-001
  3.7779950254444064e+000  6.6513535538423367e+000 -4.2905823346888283e+000 -4.3984811691922516e+000  2.6912628608218481e+000 -1.8342754556373366e+000  1.2478397911961294e+000  4.9589668140393766e+000  7.2232577516527141e-001  2.9596311846621709e-001  1.0000000000000000e+000  1.3664604509299083e-001
  3.4694633555064152e+000  6.8733497727633415e+000 -4.1872700810932360e+000 -4.4464734016358749e+000  2.8450498574274086e+000 -1.8812066346372831e+000  1.2020899275100712e+000  4.2315637772670387e+000  5.1866404910244612e-001  4.0559507153176827e-001  1.0000000000000000e+000  1.3434477827371760e-001
  3.7653318321016820e+000  6.7668050662741752e+000 -4.1743539722958038e+000 -4.2259417326188204e+000  2.8435217062044065e+000 -1.7210495833016384e+000  1.2101214514977188e+000  4.2563346356170975e+000  5.1294098759651030e-001  3.7746464862553064e-001  1.0000000000000000e+000  1.2614596181636531e-001
  3.7367027363498835e+000  6.6269514377681382e+000 -4.1384408926482887e+000 -4.5412438266339876e+000  2.6334768702870259e+000 -1.8636499304243153e+000  1.2539313023598317e+000  5.1657122047433734e+000  6.1435522793636088e-001  3.0463360248973681e-001  1.0000000000000000e+000  1.2383515868139328e-001
  3.7924086298831403e+000  6.5896197197539230e+000 -4.1385529500948879e+000 -4.2552118743979026e+000  2.4159493178132299e+000 -1.7946016939212093e+000  1.3302651393719196e+000  5.9918290598629085e+000  7.5188209497599268e-001  2.4912488706165070e-001  1.0000000000000000e+000  1.2236396697229543e-001
  3.8115659800728228e+000  6.6153259843131043e+000 -4.1603859077499132e+000 -4.4103350903243346e+000  2.1617477314804940e+000 -1.8101095605047206e+000  1.4256014366925833e+000  6.4731501103009990e+000  8.8521288207342330e-001  2.0306163087101042e-001  1.0000000000000000e+000  1.2162104563240442e-001
  3.7724111040518804e+000  6.5955268578753339e+000 -4.1832914799990935e+000 -4.4233215926077518e+000  2.4199928356899147e+000 -1.8309115474986257e+000  1.3376185406054486e+000  5.9381661402219867e+000  7.9667854606923849e-001  2.4066295447067598e-001  1.0000000000000000e+000  1.2129587618430571e-001
  3.7754335918149158e+000  6.6024953994942273e+000 -4.1835109475382755e+000 -4.4233938789440757e+000  2.4428603881608759e+000 -1.8326911069417198e+000  1.3270560786006573e+000  5.8651278102261220e+000  7.8271419467038017e-001  2.4714729393195414e-001  1.0000000000000000e+000  1.1815499977448016e-001
  3.7593857569711786e+000  6.5872274348113882e+000 -4.1641483881534214e+000 -4.4090790066312548e+000  2.2873117908854725e+000 -1.7915112437464498e+000  1.3883466510411224e+000  6.2869825724698725e+000  8.4494477509809818e-001  2.1661425055898106e-001  1.0000000000000000e+000  1.1721248112745940e-001
  3.7763882545008447e+000  6.5887216170449827e+000 -4.2102388796163241e+000 -4.2607313839631846e+000  2.5055139723912276e+000 -1.8148409503648613e+000  1.3083274257880970e+000  5.6651915022437844e+000  7.7233345366566464e-001  2.5284452678736519e-001  1.0000000000000000e+000  1.1173410929804536e-001
  3.8059688420725437e+000  6.5773991397292786e+000 -4.1404828466848453e+000 -4.3883946479042448e+000  2.2528557908846558e+000 -1.7921712251929960e+000  1.3964133157152603e+000  6.3959887887646580e+000  8.3448326872272360e-001  2.1424583560070409e-001  1.0000000000000000e+000  1.1119901748359491e-001
  3.7743015668981545e+000  6.5912687728683075e+000 -4.1825060253597739e+000 -4.4268411180389222e+000  2.4113418128033923e+000 -1.8231147406189780e+000  1.3416519133661116e+000  5.9666544459622388e+000  8.0113671013187060e-001  2.3808502305210083e-001  1.0000000000000000e+000  1.0778228537920724e-001
  3.8954425494558986e+000  6.5391847421462383e+000 -4.1890631028652239e+000 -4.4156973348559534e+000  2.0769358198537171e+000 -1.6802399105572696e+000  1.4665181868074846e+000  6.5997106518668307e+000  9.4525632547404770e-001  1.7564243553321429e-001  1.0000000000000000e+000  1.0601279397709232e-001
  3.7449738882478507e+000  6.7470393109672511e+000 -4.1739830152660078e+000 -4.2198236648393355e+000  2.7983368758101097e+000 -1.7383476277748977e+000  1.2159258042485417e+000  4.4382872072797905e+000  5.3887949305898464e-001  3.6211083024312668e-001  1.0000000000000000e+000  1.0164020805435880e-001
  3.7351566489955843e+000  6.6253344072929661e+000 -4.1345356561964950e+000 -4.5505452020085571e+000  2.6009190000046907e+000 -1.8620597977571711e+000  1.2619180628157676e+000  5.3031643597592222e+000  6.3164762952822451e-001  2.9838997804350120e-001  1.0000000000000000e+000  1.0154566569976858e-001
  3.7710980979689874e+000  6.5944698482270487e+000 -4.1836740360673099e+000 -4.4168121902960973e+000  2.3799958904550187e+000 -1.8283901157498679e+000  1.3550079566336051e+000  6.0482201371608921e+000  8.2017034194286309e-001  2.3171076593782106e-001  1.0000000000000000e+000  9.9243952268650723e-002
  3.8820045751298888e+000  6.5962930793259797e+000 -4.1348768964730116e+000 -4.2546679740775444e+000  2.2935369394449174e+000 -1.7806064593255662e+000  1.3777498632648397e+000  6.3077033331847305e+000  8.1039732248717988e-001  2.2639645652147039e-001  1.0000000000000000e+000  9.5264082860845201e-002
  3.8467115189014320e+000  6.5394981490913899e+000 -4.1884786301490609e+000 -4.4169189747556512e+000  2.1182771768118700e+000 -1.6877174012167697e+000  1.4564704021133921e+000  6.5591843456553818e+000  9.3459867771652960e-001  1.7975787030258539e-001  1.0000000000000000e+000  9.4965323310663222e-002
  3.6335224398433534e+000  7.0000000000000000e+000 -4.2280880720928522e+000 -4.6091508968604726e+000  2.8899165182820856e+000 -1.9760300643094817e+000  1.1860937392508717e+000  4.0582112461601714e+000  5.1980917077855382e-001  4.5085601649451534e-001  1.0000000000000000e+000  9.3127715783357962e-002
  3.7621558468495038e+000  6.5876243163727066e+000 -4.1662156979008262e+000 -4.4090893864892813e+000  2.3120305290491796e+000 -1.7933754120003953e+000  1.3792412461393773e+000  6.2323521353251081e+000  8.3592438378441858e-001  2.2076810395080984e-001  1.0000000000000000e+000  9.0762864808114338e-002
  3.7614813294384750e+000  6.5882631023691669e+000 -4.1639423090511691e+000 -4.4091272043309990e+000  2.3155638359610671e+000 -1.7912403715713328e+000  1.3771545111867760e+000  6.2266724579893031e+000  8.3171497428187946e-001  2.2208211779141171e-001  1.0000000000000000e+000  8.5859163632031860e-002
