  1.5049038984461041e+000  5.1417236514996134e-002  5.3568909245997027e+001  9.9992214032764037e-001  3.7587451404282331e-002  1.5737273674135963e-003  1.0357695386449706e+000  2.7470535593843382e-002  1.1078506231885976e+001  5.4637483184743196e-001  7.5323158743976060e-001  1.1110814408688656e-003  2.2788280125809286e+000  0.0000000000000000e+000  1.5000145191017658e-001  1.6873568820925799e-001
  1.5049039028309392e+000  5.1417237455925788e-002  5.3568910478250288e+001  9.9992215869741319e-001  3.7587451622366180e-002  1.5737273610741576e-003  1.0357695180980357e+000  2.7470535574893429e-002  1.1078506035989513e+001  5.4637483146541754e-001  7.5323158739223739e-001  1.1110814112180491e-003  2.2788280100761407e+000  0.0000000000000000e+000  1.5000145247832733e-001  1.6873579008288719e-001
  1.5049037140611115e+000  5.1417203660288811e-002  5.3568868116014862e+001  9.9992149922788021e-001  3.7587443225933978e-002  1.5737275363445864e-003  1.0357702032522393e+000  2.7470536166579018e-002  1.1078512553792113e+001  5.4637484339319009e-001  7.5323158898149078e-001  1.1110824005548560e-003  2.2788280956432856e+000  0.0000000000000000e+000  1.5000143786533557e-001  1.6873581537832796e-001
  1.5042942832931969e+000  5.1418508767243409e-002  5.3607135847515153e+001  9.9995398804749369e-001  3.7576720689766155e-002  1.5726901793547802e-003  1.0347241137033034e+000  2.7468797177155224e-002  1.1068261464006271e+001  5.4633978718389109e-001  7.5322925536639873e-001  1.1095844778615978e-003  2.2787399345430810e+000  0.0000000000000000e+000  1.5011341663307087e-001  1.6934214426012562e-001
  1.2584576174439035e+000  2.4335391326403163e-002  2.4163123131564515e+001  4.7602812216007845e-001  2.5451385537192346e-002  1.5845414763386251e-003  3.5140852474133535e+000  2.8520163016175770e-002  3.4677330832700868e+001  5.6754504941935124e-001  7.6089814665227740e-001  4.7494354194018810e-003  2.1093584469338094e+000  0.0000000000000000e+000  2.0290234061059589e-001  3.5035615827441430e-001
  1.1851912280134467e+000  2.6377032083776213e-002  2.8437130369387859e+001  5.1572051644479200e-001  2.5147716248112108e-002  1.4513241976533808e-003  3.0477136561580540e+000  2.8191748072437850e-002  3.0176968155814169e+001  5.6091883658974595e-001  7.5959892757755199e-001  4.0731709022291188e-003  2.1102270722446415e+000  0.0000000000000000e+000  2.4827091814906563e-001  4.5188276546008066e-001
  1.2373763816838128e+000  2.9481865537370387e-002  2.9998116932715952e+001  5.7580516935686166e-001  2.7102703482477283e-002  1.4891424880848904e-003  2.7597480396627052e+000  2.8161021547914888e-002  2.7152163463182184e+001  5.6029899592073384e-001  7.5868382386124622e-001  3.6453762101749214e-003  2.0885445933999893e+000  0.0000000000000000e+000  2.0900797791244491e-001  3.1647966084660795e-001
  1.4432014484026323e+000  4.6278356246188972e-002  4.7203136706798773e+001  9.0032634134027190e-001  3.5503420885791878e-002  1.5560853007749371e-003  1.3044971066907589e+000  2.7606002637928784e-002  1.3597176398227564e+001  5.4910588821010364e-001  7.5407339518907990e-001  1.5022447085482060e-003  2.1933589139791105e+000  0.0000000000000000e+000  1.5237492101864486e-001  1.9109343686325442e-001
  1.1883916282617999e+000  2.7573605356740433e-002  2.9678316923578404e+001  5.3892039736302588e-001  2.5668490386772883e-002  1.4397542545368045e-003  2.8776242396467424e+000  2.8123522438617155e-002  2.8457027755806166e+001  5.5954255821149346e-001  7.5908914986937981e-001  3.8231353477766114e-003  2.1029570256847858e+000  0.0000000000000000e+000  2.4045128292111895e-001  4.4311839785525048e-001
  1.2217332587728957e+000  2.9091735923202546e-002  3.0139670992514233e+001  5.6826153065639140e-001  2.6757478955693092e-002  1.4696265972089042e-003  2.7513397263647992e+000  2.8128553531879374e-002  2.7098475867691338e+001  5.5964404458391037e-001  7.5867293386653856e-001  3.6343006067978134e-003  2.0907570497287336e+000  0.0000000000000000e+000  2.1572075479332403e-001  3.5234190935540399e-001
  1.4825579880933202e+000  4.9433591067389350e-002  5.0568877191042674e+001  9.6147652000052519e-001  3.6799513576151660e-002  1.5718177295618310e-003  1.1761252579751531e+000  2.7553153555816001e-002  1.2401557358121361e+001  5.4804039198234911e-001  7.5367548521981687e-001  1.3149248371128845e-003  2.1899821177698775e+000  0.0000000000000000e+000  1.5010198248768991e-001  1.6957306160759170e-001
  1.3045928371017581e+000  4.3371455459201222e-002  4.6696834666363408e+001  8.4539564174397797e-001  3.1973532486340224e-002  1.3976017773918597e-003  1.6493959079198142e+000  2.7613341900610822e-002  1.6707523053737876e+001  5.4925386023550615e-001  7.5536320800953616e-001  2.0142317392437097e-003  2.1700128250637754e+000  0.0000000000000000e+000  1.8292389565638628e-001  2.6495704621220700e-001
  1.4090847847781676e+000  4.4739181920024025e-002  4.5778549289214126e+001  8.7069728083860831e-001  3.4535648632885795e-002  1.5278054275285012e-003  1.4164353537152561e+000  2.7636045800319531e-002  1.4628000858325096e+001  5.4971161618182585e-001  7.5445796820115008e-001  1.6665219353220670e-003  2.1921329010982058e+000  0.0000000000000000e+000  1.5663639624601941e-001  2.0643367793698519e-001
  1.2929051163670158e+000  3.6246159955015581e-002  3.6923920606286039e+001  7.0660197082560650e-001  3.0295744607762236e-002  1.4767450831286934e-003  2.0533757494763218e+000  2.7876537958152259e-002  2.0489800177384431e+001  5.5456103916425192e-001  7.5649850050769485e-001  2.6040608686731873e-003  2.1894899419763361e+000  0.0000000000000000e+000  1.7742994523616051e-001  2.6867871849381708e-001
  1.2004004191887030e+000  3.0195515221179949e-002  3.2399963814913072e+001  5.8971581369696147e-001  2.6816746055571154e-002  1.4216087790702330e-003  2.5591070841694847e+000  2.7995582740823588e-002  2.5215171591562864e+001  5.5696194690087353e-001  7.5812764292328594e-001  3.3542587450114368e-003  2.0875510250400282e+000  0.0000000000000000e+000  2.2326702857282354e-001  4.1584865042638586e-001
  1.2033405524673642e+000  2.5594600366085213e-002  2.6894656202961855e+001  5.0048091390424077e-001  2.5161020284211518e-002  1.4877446514301451e-003  3.1869712572035915e+000  2.8288150880501073e-002  3.1528177730292029e+001  5.6286367337656529e-001  7.5998950384824193e-001  4.2753406258706217e-003  2.1106468747974891e+000  0.0000000000000000e+000  2.3721505416430946e-001  4.2643480037400044e-001
  1.2579845598481270e+000  3.2610693586695334e-002  3.3151010564067114e+001  6.3633629293642890e-001  2.8537099952201370e-002  1.4768094569626597e-003  2.4122219507678722e+000  2.8020954516730701e-002  2.3818598477103585e+001  5.5747368349905813e-001  7.5761944500195277e-001  3.1333550318222506e-003  2.1792765106694372e+000  0.0000000000000000e+000  1.9291512874207656e-001  2.9173338440822971e-001
  1.2617344562956894e+000  2.5062770820921905e-002  2.4794610985562162e+001  4.9013381645698323e-001  2.5848941757849072e-002  1.5790442764707737e-003  3.3731730762424768e+000  2.8465320921644555e-002  3.3230917596519767e+001  5.6643838928030554e-001  7.6046035516769195e-001  4.5420788666233093e-003  2.1029471976896974e+000  0.0000000000000000e+000  1.9562864703334776e-001  3.4715410779643552e-001
  1.2756664955638766e+000  3.0769984072243038e-002  3.0676916692144356e+001  6.0058636711043145e-001  2.8382045555644168e-002  1.5221684241620379e-003  2.5269138693200190e+000  2.8101441137982963e-002  2.4943595613079150e+001  5.5909714377867381e-001  7.5788513740046770e-001  3.2986526150098443e-003  2.2003185031577028e+000  0.0000000000000000e+000  1.7780380980704852e-001  3.1128819446173683e-001
  1.2333896619376186e+000  3.1728428628370081e-002  3.2982328710992675e+001  6.1931478510870497e-001  2.7864422590304767e-002  1.4509663988733590e-003  2.4526215956736976e+000  2.8000408132751398e-002  2.4164746333060734e+001  5.5705927177802650e-001  7.5776973066463549e-001  3.1947668305749057e-003  2.0762956573266713e+000  0.0000000000000000e+000  2.0374687469845146e-001  3.3379760716563467e-001
  1.2796728762255725e+000  3.5255639006777660e-002  3.6006574133451906e+001  6.8746973954947754e-001  2.9771348670731047e-002  1.4710047596397189e-003  2.1378246748050245e+000  2.7904642535548252e-002  2.1264685422326611e+001  5.5512783017356604e-001  7.5676822351426443e-001  2.7288784142736784e-003  2.1874555594417240e+000  0.0000000000000000e+000  1.8183654787453571e-001  2.7951191145993642e-001
  1.2090312110022896e+000  2.9126949011064069e-002  3.0687697247362742e+001  5.6896886990818851e-001  2.6585203528253679e-002  1.4494525238012126e-003  2.7093185871297614e+000  2.8085179178782171e-002  2.6705134073550632e+001  5.5876912069774676e-001  7.5856220182305523e-001  3.5738108569752583e-003  2.0915872981948440e+000  0.0000000000000000e+000  2.2158506636266509e-001  3.8699552252374847e-001
  1.5004280470386486e+000  5.1236457512295462e-002  5.3552303793798821e+001  9.9643502264393202e-001  3.7480415460589819e-002  1.5688492385126619e-003  1.0336002152982342e+000  2.7463896463953086e-002  1.1056142299486501e+001  5.4624099424688310e-001  7.5322708498076685e-001  1.1080208154957451e-003  2.2788006969380854e+000  0.0000000000000000e+000  1.5055880141527134e-001  1.7307531337974105e-001
  1.4253768675600396e+000  4.5424818757741806e-002  4.6536659653867666e+001  8.8386546166811808e-001  3.5008835354356047e-002  1.5408932697236583e-003  1.3449762216756085e+000  2.7611207240310742e-002  1.3967437562645753e+001  5.4921082174216806e-001  7.5421334629704517e-001  1.5617125668207846e-003  2.1932619886625182e+000  0.0000000000000000e+000  1.5441946271556342e-001  2.0291646927554211e-001
  1.3112696545469633e+000  3.7983798944742159e-002  3.8765330866639296e+001  7.4019767861217034e-001  3.1106702321840887e-002  1.4794487447636867e-003  1.9092234863956108e+000  2.7818285825362832e-002  1.9160868997051512e+001  5.5338630532124533e-001  7.5604736225152736e-001  2.3916408270477571e-003  2.1903658338543726e+000  0.0000000000000000e+000  1.7262231927818028e-001  2.5692668914248651e-001
  1.2780870563017059e+000  3.5147724662703245e-002  3.5906110128073223e+001  6.8538773121718166e-001  2.9708585472814266e-002  1.4702535889768312e-003  2.1488118484334819e+000  2.7908420740499151e-002  2.1365676176313801e+001  5.5520402722071438e-001  7.5680375037382075e-001  2.7451350410016978e-003  2.1870170239780773e+000  0.0000000000000000e+000  1.8249678859844884e-001  2.8043067905551872e-001
  1.4650513956918543e+000  4.7472439247796351e-002  4.8496258427423378e+001  9.2336071783811435e-001  3.6154259708261610e-002  1.5710739290284502e-003  1.2223636670473983e+000  2.7576247283033206e-002  1.2834228124274413e+001  5.4850598044656174e-001  7.5379905867967012e-001  1.3822079947281574e-003  2.1933774424878396e+000  0.0000000000000000e+000  1.5039759393851487e-001  1.8279794720759796e-001
  1.2647535564543422e+000  3.9414996223739535e-002  4.2202863016166972e+001  7.6861518462398781e-001  3.0351834769434344e-002  1.3954039588542225e-003  1.8956682767656474e+000  2.7721506094706028e-002  1.8963896535350035e+001  5.5143475701868994e-001  7.5612872329226521e-001  2.3773352401086217e-003  2.1651810071353492e+000  0.0000000000000000e+000  1.9398208266306605e-001  2.8859141463960747e-001
  1.2291291312046508e+000  2.7309896870866792e-002  2.7829298551462731e+001  5.3373866616262056e-001  2.6153795829183840e-002  1.5057609414603197e-003  3.0379322832317737e+000  2.8273943786903288e-002  2.9981573230416252e+001  5.6257704705121370e-001  7.5952368082806831e-001  4.0544926100285518e-003  2.1008241161317667e+000  0.0000000000000000e+000  2.2012294158181517e-001  3.3558734955147762e-001
  1.2478397911961294e+000  3.7029039412282083e-002  3.9286688939386124e+001  7.2232577516527141e-001  2.9432520970532963e-002  1.4050280560548101e-003  2.0811340204591797e+000  2.7811449865258187e-002  2.0674895860525321e+001  5.5324845321115390e-001  7.5669638868178268e-001  2.6505383969113137e-003  2.1558229543058371e+000  0.0000000000000000e+000  2.0165490867349442e-001  2.9596311846621709e-001
  1.2020899275100712e+000  2.6531005327435932e-002  2.7937779061318615e+001  5.1866404910244612e-001  2.5480902461526411e-002  1.4744026698317234e-003  3.0606379939873865e+000  2.8231973966799551e-002  3.0266763572800095e+001  5.6173033434195574e-001  7.5961809723874674e-001  4.0903084162775202e-003  2.1068124714367986e+000  0.0000000000000000e+000  2.3631925515863345e-001  4.0559507153176827e-001
  1.2101214514977188e+000  2.6235819213202491e-002  2.7315695859894397e+001  5.1294098759651030e-001  2.5449233625100008e-002  1.4912665896987668e-003  3.1453578446213619e+000  2.8284436102136823e-002  3.1108613390844280e+001  5.6278872780821310e-001  7.5986567198471966e-001  4.2140605173231274e-003  2.1087105052704276e+000  0.0000000000000000e+000  2.3494393312780884e-001  3.7746464862553064e-001
  1.2539313023598317e+000  3.1476487684485452e-002  3.1949207537801446e+001  6.1435522793636088e-001  2.8141975971325575e-002  1.4847656684713044e-003  2.5035110572201056e+000  2.8060808815315141e-002  2.4681515192492650e+001  5.5827755116182409e-001  7.5788542159252403e-001  3.2672804349206629e-003  2.1807383545829215e+000  0.0000000000000000e+000  1.9358414878044466e-001  3.0463360248973681e-001
  1.3302651393719196e+000  3.8593552370065308e-002  3.9165641566967189e+001  7.5188209497599268e-001  3.1653407391577362e-002  1.4975485355494219e-003  1.8346883482001939e+000  2.7802669523074641e-002  1.8485483901466708e+001  5.5307139256662197e-001  7.5578523379665030e-001  2.2809794749735456e-003  2.1942716304723779e+000  0.0000000000000000e+000  1.6689394674134442e-001  2.4912488706165070e-001
  1.4256014366925833e+000  4.5494129644255185e-002  4.6640917195158799e+001  8.8521288207342330e-001  3.5027096901697724e-002  1.5402024804596199e-003  1.3408097098525289e+000  2.7608265162506918e-002  1.3928153353433245e+001  5.4915150444321625e-001  7.5420138798836522e-001  1.5556423991911691e-003  2.1931198076044507e+000  0.0000000000000000e+000  1.5448429017715154e-001  2.0306163087101042e-001
  1.3376185406054486e+000  4.0900459950885551e-002  4.2069475598203049e+001  7.9667854606923849e-001  3.2299495185250583e-002  1.4778996367903496e-003  1.7064079479288878e+000  2.7726821085090725e-002  1.7287669338929575e+001  5.5154192820890557e-001  7.5542483409592243e-001  2.0935422660027549e-003  2.1884801014576105e+000  0.0000000000000000e+000  1.6840215925023225e-001  2.4066295447067598e-001
  1.3270560786006573e+000  4.0177804944503688e-002  4.1356771648846141e+001  7.8271419467038017e-001  3.1928633270258924e-002  1.4724826087961589e-003  1.7574528293891785e+000  2.7744381377061700e-002  1.7755046060454738e+001  5.5189601696529067e-001  7.5558956310525993e-001  2.1688240249321221e-003  2.1880265454237255e+000  0.0000000000000000e+000  1.7049926827791437e-001  2.4714729393195414e-001
  1.3883466510411224e+000  4.3406167095537879e-002  4.4385738108826388e+001  8.4494477509809818e-001  3.3862122292613296e-002  1.5160097042016152e-003  1.5025307150455181e+000  2.7667326663263214e-002  1.5422183022286292e+001  5.5034231739685069e-001  7.5473828101347318e-001  1.7928841767685839e-003  2.1922786936727157e+000  0.0000000000000000e+000  1.5905881533359253e-001  2.1661425055898106e-001
  1.3083274257880970e+000  3.9633228244143941e-002  4.0980009633742675e+001  7.7233345366566464e-001  3.1379995447125754e-002  1.4545941747121963e-003  1.8366062469834610e+000  2.7763489899089944e-002  1.8473550128590180e+001  5.5228133137335256e-001  7.5586663325958992e-001  2.2863344862699975e-003  2.1831428676432418e+000  0.0000000000000000e+000  1.7651653957398172e-001  2.5284452678736519e-001
  1.3964133157152603e+000  4.2872807664729458e-002  4.3488739708327259e+001  8.3448326872272360e-001  3.3922952005140131e-002  1.5344664583264523e-003  1.5086410103215293e+000  2.7688041592806023e-002  1.5488699336434161e+001  5.5075999327032754e-001  7.5472517422784002e-001  1.8011385048956156e-003  2.1955163506344468e+000  0.0000000000000000e+000  1.5634799137806857e-001  2.1424583560070409e-001
  1.3416519133661116e+000  4.1131457448217119e-002  4.2276551770871883e+001  8.0113671013187060e-001  3.2429928426997524e-002  1.4806156420754560e-003  1.6903301813896832e+000  2.7722250506942325e-002  1.7141012513286803e+001  5.5144976727500072e-001  7.5537172132917574e-001  2.0697955480812429e-003  2.1887296893383406e+000  0.0000000000000000e+000  1.6759810863133212e-001  2.3808502305210083e-001
  1.4665181868074846e+000  4.8592920641272193e-002  4.9686301293558621e+001  9.4525632547404770e-001  3.6338688040594348e-002  1.5601897515203306e-003  1.2284221530657220e+000  2.7571123184777502e-002  1.2888104562331819e+001  5.4840267352363625e-001  7.5385152723139970e-001  1.3913064922980133e-003  2.1899097617469181e+000  0.0000000000000000e+000  1.5152179432550342e-001  1.7564243553321429e-001
  1.2159258042485417e+000  2.7574416038615858e-002  2.8580331195245797e+001  5.3887949305898464e-001  2.6077285962686672e-002  1.4818711813355306e-003  2.9555059451291434e+000  2.8212546044043885e-002  2.9178818126700229e+001  5.6133840085369968e-001  7.5929123101886675e-001  3.9347159841052574e-003  2.1002078566225300e+000  0.0000000000000000e+000  2.2531214256701881e-001  3.6211083024312668e-001
  1.2619180628157676e+000  3.2371204101897769e-002  3.2841915870501367e+001  6.3164762952822451e-001  2.8590433312896249e-002  1.4838830336221173e-003  2.4025733800893860e+000  2.8021104552378606e-002  2.3736545092354266e+001  5.5747670968396079e-001  7.5757064763777726e-001  3.1183719901034003e-003  2.1861381740745673e+000  0.0000000000000000e+000  1.8856666174408418e-001  2.9838997804350120e-001
  1.3550079566336051e+000  4.2116059760404660e-002  4.3335852702879443e+001  8.2017034194286309e-001  3.2911704851192762e-002  1.4861898946004436e-003  1.6192392892946028e+000  2.7694360733858892e-002  1.6487122530362587e+001  5.5088740801575575e-001  7.5514398101197711e-001  1.9651771885111254e-003  2.1889784141420687e+000  0.0000000000000000e+000  1.6533789731889820e-001  2.3171076593782106e-001
  1.3777498632648397e+000  4.1626038150297133e-002  4.2258705899959168e+001  8.1039732248717988e-001  3.3302179445311560e-002  1.5238942243186943e-003  1.5850593507721822e+000  2.7713483800315020e-002  1.6191379600103453e+001  5.5127299694065357e-001  7.5497188097286194e-001  1.9134076862933093e-003  2.1959591128216753e+000  0.0000000000000000e+000  1.5853630825327744e-001  2.2639645652147039e-001
  1.4564704021133921e+000  4.8040869984146431e-002  4.9118947503665915e+001  9.3459867771652960e-001  3.6044629747389666e-002  1.5531673870137642e-003  1.2609682794345325e+000  2.7581886176177628e-002  1.3190117437898616e+001  5.4861966674240747e-001  7.5396028191067033e-001  1.4388887544838982e-003  2.1899184984198752e+000  0.0000000000000000e+000  1.5245798064242114e-001  1.7975787030258539e-001
  1.1860937392508717e+000  2.6588018378267887e-002  2.8637294872435490e+001  5.1980917077855382e-001  2.5250124916637556e-002  1.4497122087375278e-003  3.0156052156517887e+000  2.8179887291477579e-002  2.9851143635171130e+001  5.6067956898731985e-001  7.5950203741844813e-001  4.0259198655529377e-003  2.1087532657177408e+000  0.0000000000000000e+000  2.4641398373388951e-001  4.5085601649451534e-001
  1.3792412461393773e+000  4.2938138258026302e-002  4.3933330031344603e+001  8.3592438378441858e-001  3.3583124554318861e-002  1.5093718513007192e-003  1.5386052225501778e+000  2.7678540994189094e-002  1.5753411605389376e+001  5.5056843131166566e-001  7.5485935818732341e-001  1.8459714873006322e-003  2.1918572232883036e+000  0.0000000000000000e+000  1.6045306463541720e-001  2.2076810395080984e-001
  1.3771545111867760e+000  4.2720925210766467e-002  4.3686530000397909e+001  8.3171497428187946e-001  3.3498849406210951e-002  1.5092542854737176e-003  1.5504272381774378e+000  2.7684031178971447e-002  1.5862861306590856e+001  5.5067913049396289e-001  7.5489525417535097e-001  1.8632829264326398e-003  2.1921225779107489e+000  0.0000000000000000e+000  1.6059942236353264e-001  2.2208211779141171e-001
