  9.1758871937839359e+000  1.2207483259193141e+000 -3.9266389513805269e+000  4.4839823747658958e-001  2.4840315358317953e+000  3.1390251642187383e+001  8.5264489853028069e-001  1.0390578805776236e+000  1.0000000000000000e+000  4.4133566237260380e-001
 -1.2044035040871939e+000  5.9366515121778907e-001 -1.8529895342237097e+000  7.7715573503807889e-001  2.2630841085476208e+000  1.6758561804022321e+001  8.7068548484502040e-001  8.4809051731430962e-001  1.0000000000000000e+000  7.3010234637626209e-002
  3.3289574949208056e+000 -1.3809839736516842e+000 -7.5557590016549874e+000  1.1944989955657856e+000  1.9429411021668659e+000  1.0570310262366892e+001  1.0360052217135807e+000  6.3440773664347327e-001  1.0000000000000000e+000                      Inf
 -2.9568498297204111e+000 -5.8684362000641759e+000 -9.3117567991520307e+000 -4.8122151097929651e+000  2.3338756250360002e+000  4.7051553900565686e+001  6.7848183088455394e-001  1.3018561129304356e+000  1.0000000000000000e+000                      Inf
  4.9495419099350100e+000 -5.0948513053559683e+000 -6.0103114676093172e+000  1.0967208264068793e+000  1.9987351494495871e+000  1.1251822283008554e+001  9.6992810656096773e-001  6.6184462564782454e-001  1.0000000000000000e+000  5.5026504243684504e-001
  8.5879886242277603e+000  3.5429926217142729e+000 -2.8734204744646688e+000  7.9934129984924773e-001  2.2429409572585590e+000  1.6162313676226415e+001  8.7291809038702706e-001  8.3379426893400321e-001  1.0000000000000000e+000  2.9721709287592385e-001
  4.5544454029886854e+000 -4.4207053288218585e+000 -5.9265406045596212e+000  3.6018973763926532e-001  2.5245671146999795e+000  3.7847865135545526e+001  8.5245257584480383e-001  1.0765340576115514e+000  1.0000000000000000e+000  3.9661690479100437e-001
  5.8723432312890065e+000 -5.9058386955711759e+000 -1.9099432599963713e+000  5.8850314410241111e-001  2.4033661255659950e+000  2.3617879007154205e+001  8.5554411918926510e-001  9.6674331003514502e-001  1.0000000000000000e+000  5.2685295642972141e-001
 -2.0676474118716204e+000 -7.9051687524861514e-001 -3.4393249163365756e+000  1.2362191046622808e+000  1.9633472226494266e+000  1.0416148482153572e+001  1.0755790260539995e+000  6.6527411413501469e-001  1.0000000000000000e+000                      Inf
  9.7174031155937808e+000 -1.8617510244081981e+000 -2.6825308612027374e+000  9.2925030945484455e-001  2.1327509406274698e+000  1.3389346637082179e+001  9.0147156999212474e-001  7.4846200215069847e-001  1.0000000000000000e+000  6.4769656267839648e-001
  3.2427557312907282e+000 -2.9829333740297881e+000 -8.1294760236442301e+000  7.4791512643459956e-001  2.2869157264467121e+000  1.7603425577906428e+001  8.6704979524663739e-001  8.6752813408286378e-001  1.0000000000000000e+000  3.0129580347525814e-001
  4.5196162093720194e+000  5.9233949406346742e-001 -6.5418774365888837e+000  7.8514491438980816e-001  2.2565204670440919e+000  1.6540566367580809e+001  8.7181399255795455e-001  8.4276446028662932e-001  1.0000000000000000e+000  4.2660970188816608e-002
 -1.9777201117577863e+000 -5.3514860234165145e+000 -8.1283706697431235e+000  1.0911573399545205e-001  2.5984480634428513e+000  6.5056448989396159e+001  8.5055181101529720e-001  1.1499115521403827e+000  1.0000000000000000e+000                      Inf
 -3.0000000000000000e+000 -5.7508039938151470e+000 -9.3164387662499184e+000 -4.8063331382457912e+000  3.1598344391805457e+000  4.3579918292297215e+001  7.6168413343713581e-001  2.1277250605941043e+000  1.0000000000000000e+000                      Inf
 -3.0000000000000000e+000 -6.0000000000000000e+000 -9.3352399125610130e+000 -4.8707356601782701e+000  3.1598344391990043e+000  4.3579918295341479e+001  7.6168413346036323e-001  2.1277250605608384e+000  1.0000000000000000e+000                      Inf
  8.4639569483205968e+000  5.1274811740732993e+000 -5.0199216474599844e+000 -3.7322637245632473e+000  3.4083103620033497e+000  1.8804705189849297e+001  1.1802928383125364e+000  7.9476413920964983e-001  2.0000000000000000e+000                      Inf
  7.1346223824860395e+000  5.0328256595672958e+000 -8.4244403166886066e+000 -1.6942097737458690e+000  3.4792473792533816e+000  2.0956198456729894e+001  1.1445076941041572e+000  8.0123026384543627e-001  2.0000000000000000e+000                      Inf
  8.7284333782649579e+000  3.4397658091940180e+000 -4.5726389734605268e+000  1.3078604245902081e+000  2.1473684481555502e+000  1.0451428491223416e+001  1.1758321990258807e+000  8.5795331985177625e-001  2.0000000000000000e+000                      Inf
 -2.4732475242354450e+000 -7.4806217480896287e-001 -3.4339786400025680e+000  1.2283088982607477e+000  2.3260707873083128e+000  1.0804426308608603e+001  1.1041649195533740e+000  1.0264137686369676e+000  2.0000000000000000e+000  2.5742143885675350e-001
  1.0000000000000000e+001 -1.9042057248478506e+000 -2.6878771375367450e+000  9.3716051585637772e-001  2.6041689408527331e+000  1.3733633193347902e+001  9.5157549162426247e-001  1.2218357638124018e+000  2.0000000000000000e+000  4.8425433163452847e-001
  9.7953199158841286e+000 -1.8308262048009789e+000 -2.6823890369283223e+000  9.1853533570315693e-001  2.6325333854296784e+000  1.4067237447158680e+001  9.4755037906123840e-001  1.2456860650910646e+000  2.0000000000000000e+000  1.3789647021047349e-001
 -1.8498070291200697e+000 -7.7270449166205979e-001 -3.4593724962544119e+000  1.2468214693190611e+000  2.3524876996679902e+000  1.0769197521459880e+001  1.1248392760781010e+000  1.0567331711791657e+000  2.0000000000000000e+000  1.2592246022477793e-001
 -3.0000000000000000e+000 -5.8488011849744934e+000 -9.3792325864806489e+000 -5.0000000000000000e+000  3.1598344391859357e+000  4.3579918294633892e+001  7.6168413344158015e-001  2.1277250606144973e+000  2.0000000000000000e+000  1.6704446511621804e+000
  9.3098932521175826e+000  1.2011133108296321e+000 -3.8591631640519091e+000  8.8387911579205924e-001  2.6861211147185600e+000  1.4745265610211211e+001  9.4126315815742256e-001  1.2912511342709916e+000  2.0000000000000000e+000  6.5709767823990206e-001
 -2.0474808057594687e+000 -8.2713639986438958e-001 -3.4436722592380753e+000  1.0867224819159069e+000  2.3967009685753018e+000  1.1732119922392323e+001  1.0034921709477624e+000  1.0568551347822144e+000  2.0000000000000000e+000  5.1920549539026539e-001
 -2.0332479024283514e+000 -7.8025424080915051e-001 -3.3727376193110961e+000  1.2553117441087325e+000  2.3648112105140080e+000  1.0754277482023927e+001  1.1345074550417087e+000  1.0709945450662177e+000  2.0000000000000000e+000  2.1354343103242809e-001
 -2.0233243834080881e+000 -7.5656637040634267e-001 -3.5437373730507664e+000  1.1735963597198154e+000  2.3065101896889733e+000  1.1039832940826310e+001  1.0551721213073100e+000  9.9234328685653628e-001  2.0000000000000000e+000  5.2905032286739062e-001
  1.0000000000000000e+001 -2.0343634245034217e+000 -2.7718817796021624e+000  9.2738564106311172e-001  2.6190051094037958e+000  1.3906130763605301e+001  9.4940159886955100e-001  1.2342895125011495e+000  2.0000000000000000e+000  5.8874751792158814e-002
 -3.0000000000000000e+000 -5.8317318503327131e+000 -9.3308229574336448e+000 -5.0000000000000000e+000  3.1598344391905924e+000  4.3579918294905404e+001  7.6168413344066621e-001  2.1277250606202873e+000  2.0000000000000000e+000                      Inf
  4.8645434151879625e+000 -4.4574096785533213e+000 -5.9074744462780071e+000  7.0266954840932905e-001  2.9604929921611882e+000  1.9694022938412040e+001  9.2631520499148989e-001  1.5351099604742937e+000  2.0000000000000000e+000  1.4771377623789852e+000
  1.7115058471864648e+000  5.2272836624492367e+000 -5.4741974101751891e+000 -2.7233983030494056e+000  3.6676906871134025e+000  1.8424563466708033e+001  1.3414641872103199e+000  9.2338749362939310e-001  3.0000000000000000e+000                      Inf
 -2.0830866348208215e+000 -7.9213302623218895e-001 -3.3938123600819976e+000  1.3195441803943524e+000  2.4869023086703113e+000  1.0728949863342887e+001  1.2177730037597909e+000  1.2038958382260299e+000  3.0000000000000000e+000                      Inf
 -2.9316555860724689e+000 -5.8180266918496315e+000 -9.2957009826203514e+000 -4.8123441550541850e+000  3.2056581790713183e+000  5.0640674168062631e+001  7.6535700214867519e-001  2.1736839865398521e+000  3.0000000000000000e+000                      Inf
 -3.0000000000000000e+000 -5.7318465575287227e+000 -9.3325912345105984e+000 -5.0000000000000000e+000  4.0007184253429369e+000  4.4420802280725198e+001  8.4577253204320735e-001  2.9686090468112600e+000  3.0000000000000000e+000                      Inf
  9.2444343405231528e+000  1.4338939986625265e+000 -3.9031558379715436e+000  5.0691878786189448e-001  3.2065554571804773e+000  2.8565854681482605e+001  9.2874522403535842e-001  1.7643868842976267e+000  3.0000000000000000e+000  9.4675788914415171e-001
 -1.9446240940803123e+000 -8.3412278342212065e-001 -3.4541658883244364e+000  1.2605840576498017e+000  2.7659933698335628e+000  1.1139749878286024e+001  1.1800026101043164e+000  1.4732397606860446e+000  3.0000000000000000e+000  4.9262908173841385e-001
 -2.0065991196833579e+000 -8.6999803637338491e-001 -3.5360139066035341e+000  9.7240095479372235e-001  3.4621279375375966e+000  1.4066023486001910e+001  1.0514460969631332e+000  2.0890436617630397e+000  3.0000000000000000e+000  4.7677735644379871e-001
  1.0000000000000000e+001 -1.8957780100165444e+000 -2.6677740083526595e+000  9.3826531836379579e-001  3.0800052384358452e+000  1.4192003384479975e+001  9.9957862676168152e-001  1.6979494153188037e+000  3.0000000000000000e+000  4.2540372316646236e-001
  3.2588919427262235e+000 -1.4009706406978375e+000 -7.6311188789740960e+000  1.1968652669382607e+000  2.6441564558795232e+000  1.1260284443579380e+001  1.1081476113726629e+000  1.3362327658566659e+000  3.0000000000000000e+000  2.6385088093662268e-001
  8.4655662963612333e+000  3.6714920165845872e+000 -2.8489541737413715e+000  7.9949369628696054e-001  3.3859352130661504e+000  1.7296286835481236e+001  9.8665454138529540e-001  1.9780008536600708e+000  3.0000000000000000e+000  2.5986273256317832e-001
  4.5190582192301960e+000  5.9931697996395861e-001 -6.5623432231120464e+000  8.0758441500688338e-001  3.3711295488961355e+000  1.7086666731383620e+001  9.8849874471380217e-001  1.9611969266581322e+000  3.0000000000000000e+000  2.3251694822695912e-001
  3.2925349909753279e+000 -1.3348769137187388e+000 -7.5387379542982433e+000  1.1476704913825282e+000  2.6948857140366584e+000  1.1580734660180239e+001  1.0742135358920908e+000  1.3732324732238130e+000  3.0000000000000000e+000  2.3013637792410277e-001
  9.2924885667863926e+000  1.2011900846255550e+000 -3.8597836506953973e+000  8.7244142302353389e-001  3.2257146296754993e+000  1.5507616831841329e+001  9.9166809584108551e-001  1.8283725284458616e+000  3.0000000000000000e+000  2.2325226680544677e-001
  9.2192579318641155e+000 -1.9268693602355207e+000 -2.6200618718117847e+000  9.3346902823443656e-001  3.0904299297007922e+000  1.4278772046477032e+001  9.9880624333940959e-001  1.7071815954427831e+000  3.0000000000000000e+000  1.4552361527700527e-001
  9.6215407400623771e+000  1.1769018302626846e+000 -3.8644464059497050e+000  8.8619834504896611e-001  3.1949036934769088e+000  1.5209926609088338e+001  9.9287554303031056e-001  1.8005731971149208e+000  3.0000000000000000e+000  1.4143653426805833e-001
 -1.2869053437357372e+000 -7.6785323986094534e-001 -3.5071401820615349e+000  1.2399105922842222e+000  2.7198509770745423e+000  1.1160216659333075e+001  1.1548262542391774e+000  1.4225606457644329e+000  3.0000000000000000e+000  1.2864490594207773e-001
  3.3462953106992530e+000 -1.4512782917861495e+000 -7.5516046455195660e+000  1.2045893025608034e+000  2.6556408212967693e+000  1.1236340316546986e+001  1.1159402412340163e+000  1.3497765838674727e+000  3.0000000000000000e+000  1.2135253699539256e-001
 -1.9343080141148150e+000 -8.1143978029281705e-001 -3.4980087535020981e+000  1.2332397936263344e+000  2.7060559551556818e+000  1.1169939667774686e+001  1.1470275124871536e+000  1.4072730902627575e+000  3.0000000000000000e+000  8.0844367988252702e-002
 -2.3792948998164141e+000 -7.6630539468166770e-001 -3.4340416744387796e+000  1.2338998754053738e+000  2.7061065284804497e+000  1.1165228495794221e+001  1.1475231914922270e+000  1.4076516305245954e+000  3.0000000000000000e+000  3.0368089576075133e-002
  8.8930061758479830e+000  1.2017802837968929e+000 -3.8498763464294896e+000  8.7787343138265261e-001  3.2135449187566083e+000  1.5388579739014876e+001  9.9211991203461036e-001  1.8173707815869260e+000  3.0000000000000000e+000  3.5803129656370100e-002
