 -1.9445791717503236e+000  6.3830237576296032e+000 -4.0726709212940735e+000  1.7648559455967128e-001 -7.2552819175650907e-001  1.6119421019458309e+000  7.3798187379814166e+000  9.0021600356079634e-001  2.3591500594402678e-001  1.0000000000000000e+000                      Inf
 -1.8110346837540958e+000  7.0000000000000000e+000 -4.0652812147072526e+000  1.7567314186740893e-001 -6.5163039689252622e-001  1.7899361036879831e+000  7.1938312938269320e+000  8.8415152986386969e-001  5.9874866005145289e-001  1.0000000000000000e+000                      Inf
  1.7349317183404958e+000 -1.6785189573960628e+000 -2.2717624795082156e+000  1.0131575353229423e+000  1.2861531874268868e+000  1.2563658536923072e+000  6.6549294829566019e+000  4.2548618555335838e-001  6.4577486121881367e-001  1.0000000000000000e+000                      Inf
 -1.8176026092678841e+000  7.0000000000000000e+000 -4.2187317877188759e+000  1.5969750721517414e-001 -6.6241164394447838e-001  1.4694299884374040e+000  6.3880977663993841e+000  9.9976926790332832e-001  2.2608094195422213e-001  1.0000000000000000e+000                      Inf
 -3.0000000000000000e+000  6.6741290095880554e+000 -4.1889598160705157e+000  4.8323796636210770e-001 -9.0376000709407089e-001  1.4918518778828040e+000  6.6567330731819174e+000  9.8575120784536929e-001  1.6303727754590044e-001  1.0000000000000000e+000                      Inf
  2.3710988058048654e+000 -4.1187731069283862e+000 -1.8487950066820096e+000  2.8621663452905000e+000  3.0000000000000000e+000  9.7552631425077885e-001  3.4073105106425983e+000  6.7056970937250937e-001  1.5285216221162832e+001  1.0000000000000000e+000                      Inf
  2.2091691934670163e+000 -3.9126992211796017e+000 -1.8804413535263522e+000  2.8011482414116062e+000  2.9477292553363101e+000  9.7626688391073413e-001  3.3974896676797806e+000  6.6015572976379300e-001  1.3318355494882278e+001  1.0000000000000000e+000                      Inf
  2.2365634687814531e+000 -3.8796806149138616e+000 -1.9076372773604167e+000  2.8029424119162742e+000  2.9292352327855844e+000  9.7840077544693982e-001  3.4435972953433911e+000  6.8116279374170519e-001  1.2960987033301546e+001  1.0000000000000000e+000  3.9313481852492049e-001
 -1.7954035443833005e+000  6.9848579985871933e+000 -4.0805624118698276e+000  1.3542297546862897e-001 -6.6049316920255119e-001  1.6709642764494506e+000  7.0152271374848798e+000  8.8480505575999713e-001  4.7142829607691467e-001  1.0000000000000000e+000  3.5815534804203986e-001
 -3.0000000000000000e+000  7.0000000000000000e+000 -4.1355503344893689e+000  7.5776943155114462e-001 -8.9686990943947353e-001  1.4490646572199837e+000  6.6661268597119916e+000  9.2394302811121520e-001  2.2550116462713843e-001  1.0000000000000000e+000  3.0050423503128948e-001
 -1.7770543921492186e+000  7.0000000000000000e+000 -4.1059633181424733e+000  1.1237051291664524e-001 -7.8678800288465756e-001  1.5118621072486877e+000  6.7545903126482392e+000  8.8999593574527169e-001  3.0953483864062781e-001  1.0000000000000000e+000  2.7688061903870737e-001
  2.2318043825805591e+000 -3.9487774914292317e+000 -1.9112058037080444e+000  2.7809423134617379e+000  2.9126182650125747e+000  9.7840444840101048e-001  3.4349748266220259e+000  6.7496786703696421e-001  1.2380566455667923e+001  1.0000000000000000e+000  2.6604410558998881e-001
  2.3767044309808183e+000 -3.7324339778271249e+000 -1.8288561597615722e+000  2.6538556308607886e+000  2.8024058853339917e+000  9.8077271651532882e-001  3.4223119562500961e+000  6.5380745582401156e-001  9.3330356170550104e+000  1.0000000000000000e+000  2.3143672831854184e-001
  1.8968633908335613e+000 -7.7600939361108523e-001 -2.3161966968469505e+000  1.1577848298213096e+000  1.3845055953074146e+000  1.2065092457675781e+000  5.8596752280671129e+000  4.4954128380283020e-001  7.3397107159154751e-001  1.0000000000000000e+000  1.8445934890077806e-001
  2.0633903992837697e+000 -2.8442390300431111e+000 -2.5750775298729982e+000  2.1086231564350975e+000  2.2722561670416659e+000  1.0125408654516583e+000  3.6304651280064126e+000  6.0301659557044751e-001  2.8464806355866998e+000  1.0000000000000000e+000  1.6986142846414198e-001
  1.8868797452807677e+000 -2.3971854931838141e+000 -2.4351872897509628e+000  1.3534669997613598e+000  1.5303949955151555e+000  1.1447588022940571e+000  5.1304379920099290e+000  4.8894945161690179e-001  8.9696085888267185e-001  1.0000000000000000e+000  1.5323402766653385e-001
  1.6963795659469503e+000 -1.0631630402923720e+000 -2.1057467844850160e+000  1.2698630590469315e+000  1.4872721072570647e+000  1.1707941313719912e+000  5.2641283885347061e+000  4.6110277986926923e-001  8.1278742676415017e-001  1.0000000000000000e+000  1.3705298411062369e-001
  2.1141228370371570e+000 -6.9039443878709406e-001 -2.1100266402992962e+000  1.3745930844362371e+000  1.4714690905551207e+000  1.1382837378257125e+000  5.5633779681381625e+000  5.3603503139819397e-001  9.4332016067039537e-001  1.0000000000000000e+000  1.3513524128222174e-001
  1.6278646279383402e+000 -3.5107219143321160e+000 -1.9741901892188574e+000  1.7525189383302882e+000  1.8821298822475425e+000  1.0596740070284569e+000  4.2131508704322798e+000  5.7606566393165548e-001  1.4934326000933049e+000  1.0000000000000000e+000  1.3398360596695949e-001
  1.7635253141177583e+000 -8.7724299716031129e-001 -2.3151627793709557e+000  1.0937792654188128e+000  1.3553895334343986e+000  1.2298531031591380e+000  6.0563488249903505e+000  4.3185841174461581e-001  6.8608120237825676e-001  1.0000000000000000e+000  1.2921101170826721e-001
  2.0391776096233829e+000 -2.0585558237982933e+000 -2.2204421648556325e+000  1.9065666510617536e+000  2.0241485803866541e+000  1.0390758505504305e+000  4.0109797739642818e+000  6.1056281440119009e-001  1.9024274704098441e+000  1.0000000000000000e+000  1.2116873171136103e-001
  1.5387563749052773e+000 -2.3221691000921405e+000 -2.6520779762245543e+000  1.4578973028757358e+000  1.6810350783390051e+000  1.1179401170535568e+000  4.4769786267073615e+000  4.7802720338773913e-001  9.9620625245518601e-001  1.0000000000000000e+000  1.1642992961636978e-001
  2.0890773092821586e+000 -2.7717015739009256e+000 -2.5219820296025679e+000  2.0219798445393771e+000  2.1939195813924881e+000  1.0206097293124803e+000  3.6786317373095700e+000  5.8666146802838370e-001  2.4186391708835395e+000  1.0000000000000000e+000  1.1188735570418587e-001
  1.9406162348021840e+000 -2.9840849357202686e+000 -1.9757789077297454e+000  2.5655146827699631e+000  2.7150108473729411e+000  9.8416790032461354e-001  3.4429508921917877e+000  6.4936715911813003e-001  7.5829090245463933e+000  1.0000000000000000e+000  1.1110843891050272e-001
  1.9505839525000326e+000 -3.0351277318239158e+000 -2.0032726245803971e+000  2.5226928466830323e+000  2.6709708928517242e+000  9.8619534153602684e-001  3.4587711483352339e+000  6.4856029374317348e-001  6.8529509181667621e+000  1.0000000000000000e+000  1.1023352707299083e-001
  2.1551337649963620e+000 -2.2255780230057609e+000 -1.8621416258774455e+000  2.4043987701235809e+000  2.5596717091561501e+000  9.9152758383762696e-001  3.4839068788812582e+000  6.3532018570611581e-001  5.2858408705605315e+000  1.0000000000000000e+000  1.0714592946978305e-001
  1.5610494290372505e+000 -2.6275671912084895e+000 -2.7436731475742215e+000  1.6066080162718286e+000  1.7141545314499840e+000  1.0858900386813370e+000  4.6644982864682190e+000  5.6413580896054538e-001  1.2240678793846280e+000  1.0000000000000000e+000  1.0709928525283303e-001
  1.5561632117483331e+000 -8.1451329516465487e-001 -2.1411302437395281e+000  1.2285440049442293e+000  1.4455708210977654e+000  1.1835087525931118e+000  5.4890060238156781e+000  4.5817046041513282e-001  7.8264279209400212e-001  1.0000000000000000e+000  1.0295598730357673e-001
  2.4558761982457513e+000 -2.5706806314619550e+000 -1.9883695210430903e+000  2.2884227870445404e+000  2.4346572094684507e+000  9.9973825989918108e-001  3.5628402473387033e+000  6.3510022719664783e-001  4.0581371400841535e+000  1.0000000000000000e+000  1.0291747890574823e-001
  2.4632884931030095e+000 -2.5288783793557590e+000 -2.0697671246478571e+000  2.2610194993393868e+000  2.4034594750096390e+000  1.0020873211789245e+000  3.5891937535183680e+000  6.3608780635731410e-001  3.8132725197633426e+000  1.0000000000000000e+000  1.0202954187125794e-001
  1.5427156779826934e+000 -2.3694097966853334e+000 -2.6182763485511464e+000  1.4382502879055463e+000  1.5846719544166070e+000  1.1219384057675488e+000  4.9772450769098606e+000  5.1549669919737118e-001  9.9229365206958042e-001  1.0000000000000000e+000  1.0078324848242484e-001
  1.5387143804947798e+000 -2.3373590436226892e+000 -2.6166341752196121e+000  1.4241160246986553e+000  1.6223078403297522e+000  1.1262911625938927e+000  4.7243907130827694e+000  4.8638374420780284e-001  9.6181677895464524e-001  1.0000000000000000e+000  1.0035808016991259e-001
  1.5684944624492980e+000 -2.5694371134328646e+000 -2.6666937264322956e+000  1.4954621112073330e+000  1.6687628983604141e+000  1.1083362685867200e+000  4.6256358596313909e+000  5.0887916421496615e-001  1.0522278448728601e+000  1.0000000000000000e+000  9.9297060287857716e-002
  1.7653664604557739e+000 -9.4634064734358225e-001 -2.3164866608177710e+000  1.1035809294006547e+000  1.3393736033705208e+000  1.2244928965706654e+000  6.1847824550501045e+000  4.4322710263928744e-001  7.0111042211801400e-001  1.0000000000000000e+000  9.6200567053324582e-002
  1.6006947677168273e+000 -3.6700338342737333e+000 -2.0319777409039816e+000  1.7067160473579084e+000  1.8917465438206811e+000  1.0644304946477272e+000  4.0534569233751165e+000  5.3399864422945287e-001  1.4062224385884070e+000  1.0000000000000000e+000  9.3921078133659130e-002
  2.1255149270050673e+000 -2.6697558105852490e+000 -1.8980074571299055e+000  2.4862223576623070e+000  2.6194942869643381e+000  9.8957997121108909e-001  3.5089501866776223e+000  6.6113046691512767e-001  6.1799242281730908e+000  1.0000000000000000e+000  9.1128715391361872e-002
  1.5275594713034584e+000 -2.3738070387932781e+000 -2.6264524486393581e+000  1.4284516613242504e+000  1.5916106269043517e+000  1.1245736139736184e+000  4.9126780894549293e+000  5.0513070711953145e-001  9.7635393621709676e-001  1.0000000000000000e+000  9.0654457196764793e-002
  2.2504941766169599e+000 -2.3630911261424510e+000 -2.2856098427484528e+000  1.9651507535559543e+000  2.1411621539365218e+000  1.0267615161201862e+000  3.7215323040355734e+000  5.7660546773374510e-001  2.1784115793980283e+000  1.0000000000000000e+000  8.9968795124143949e-002
  1.5868665749322954e+000 -3.6725875285481813e+000 -2.0339041537079048e+000  1.6900244397431492e+000  1.8564620262768257e+000  1.0682313445911087e+000  4.1673627490884195e+000  5.4266563686092284e-001  1.3666933990971739e+000  1.0000000000000000e+000  8.9284016317846659e-002
  1.4620307215035704e+000 -2.8822597215171015e+000 -2.7415304514529879e+000  1.6195047427734357e+000  1.7476076120821324e+000  1.0827599912913384e+000  4.5177451742904813e+000  5.5396020366966314e-001  1.2398044152092571e+000  1.0000000000000000e+000  8.9244083724801693e-002
  1.7472881027112759e+000 -7.5199598617820806e-001 -2.1398473629488053e+000  1.2162296575322304e+000  1.4656176888565446e+000  1.1894038959559026e+000  5.3377716036322491e+000  4.4272862239591015e-001  7.6255974799876114e-001  1.0000000000000000e+000  8.4445421596798104e-002
  9.0051060124132543e-001 -4.9866338965929504e+000 -2.1439967124517065e+000  1.7994625838908609e+000  1.9887037245464518e+000  1.0486583131485450e+000  3.8821383109252348e+000  5.4503519572813941e-001  1.6354193048470334e+000  1.0000000000000000e+000  7.9199252643701604e-002
 -2.6786299774208340e+000  7.0000000000000000e+000 -4.1630434723070682e+000  7.6242352222151577e-001 -7.5751528834190673e-001  1.4531051502526591e+000  6.5898686301980014e+000  9.5059662427839475e-001  2.2862908338236634e-001  1.0000000000000000e+000  7.8537247094491336e-002
  9.2774592484985063e-001 -5.0078036781947102e+000 -2.1519516971424890e+000  1.8054746473141785e+000  1.9850649860437897e+000  1.0482707958273769e+000  3.9100859821614451e+000  5.5219042925156647e-001  1.6450997525867106e+000  1.0000000000000000e+000  7.7317293164152340e-002
  2.0861183524324769e+000 -2.7169753296237640e+000 -2.5218047462820103e+000  2.0235061658167437e+000  2.1714426459536371e+000  1.0225824074902505e+000  3.7564379453164980e+000  6.0528833952115724e-001  2.3822303259715567e+000  1.0000000000000000e+000  7.6909363514767987e-002
  2.4587323140836004e+000 -2.6398742665055384e+000 -1.9567527088065069e+000  2.2585159994842767e+000  2.4203976555799374e+000  1.0002871029799583e+000  3.5361727115367243e+000  6.1877779295108226e-001  3.8737966267532769e+000  1.0000000000000000e+000  7.4053385318798862e-002
  2.1255840554465437e+000 -2.6491545515782007e+000 -1.8963168773146599e+000  2.4779499194168917e+000  2.6299388854026149e+000  9.8794682483774909e-001  3.4644974808713416e+000  6.4267569596463581e-001  6.2147219074149831e+000  1.0000000000000000e+000  7.3198512919386366e-002
  1.9008646883214748e+000 -8.0806014667372905e-001 -2.3178388701784849e+000  1.1719190930282006e+000  1.3468697093942694e+000  1.1994498406877316e+000  6.1533728790127817e+000  4.7531254707707826e-001  7.6007072960199884e-001  1.0000000000000000e+000  7.0427298393149387e-002
  2.4384927816422186e+000 -3.5424923410135092e+000 -1.8635275686579862e+000  2.6186766670860200e+000  2.7609688681990940e+000  9.8274697445951953e-001  3.4456676812977234e+000  6.5871436048276766e-001  8.5055839419775729e+000  1.0000000000000000e+000  6.8799760526708803e-002
  2.3758318382156016e+000 -3.7334769961863281e+000 -1.8292729336577223e+000  2.6457070839800525e+000  2.7965575994943404e+000  9.8085049193714613e-001  3.4189228790871420e+000  6.5123062830777612e-001  9.1841756920936692e+000  1.0000000000000000e+000  6.8640810816557082e-002
