  1.5259562762294567e+000  4.5863050608851937e-002  4.4475433603962010e+001  8.9161742098915897e-001  3.6906760497848752e-002  1.6846812929390805e-003  1.2595492093043461e+000  2.7709991844937498e-002  1.3235453322571585e+001  5.5120258618500806e-001  7.5373479395158505e-001  1.4339953977114683e-003  2.2998554709478340e+000  8.5985825716374031e-002  1.3710212614254388e-001  1.4992918022765275e-001
  1.4544898006772078e+000  4.3732200109977547e-002  4.4751670052391873e+001  8.5060689956279212e-001  3.5375937263993615e-002  1.5964734793253799e-003  1.1971781292850832e+000  2.7578380984657258e-002  1.2605111618036844e+001  5.4854899814775848e-001  7.5360045333167636e-001  1.3450643272358530e-003  2.2978644163923092e+000  2.7953858584231273e-002  1.4580692121236530e-001  2.6330235704067767e-001
  1.2563658536923072e+000  2.1728487254990082e-002  2.1769993017001465e+001  4.2548618555335838e-001  2.4324564721653279e-002  1.6119587292858447e-003  3.8465213692175908e+000  2.8645708750190568e-002  3.8254392462661748e+001  5.7007866241708705e-001  7.6214446527932933e-001  5.2428988319632719e-003  2.1300852693232368e+000  0.0000000000000000e+000  1.5026455239849176e-001  6.4577486121881367e-001
  1.4694299884374040e+000  5.1389550578740853e-002  5.5808435467007918e+001  9.9976926790332832e-001  3.6947340066107275e-002  1.5138532667382395e-003  9.7677265036788263e-001  2.7367767992742653e-002  1.0498054538982943e+001  5.4430324626892457e-001  7.5310030989136789e-001  1.0265601971356300e-003  2.2734619581674664e+000  0.0000000000000000e+000  1.5654112328397324e-001  2.2608094195422213e-001
  1.4918518778828040e+000  5.0682409100341302e-002  5.2933625980645985e+001  9.8575120784536929e-001  3.7242449315581676e-002  1.5624656267472705e-003  1.0377068244556149e+000  2.7458550047784414e-002  1.1092465210087420e+001  5.4613321697035921e-001  7.5323763217142925e-001  1.1140906715053564e-003  2.2780097303476392e+000  0.0000000000000000e+000  1.5022383938282208e-001  1.6303727754590044e-001
  9.7552631425077885e-001  3.4197475647464073e-002  1.2066103886352192e+002  6.7056970937250937e-001  2.2402547779400091e-002  1.0513704695520999e-003  2.2413605873380646e+000  2.7154808236203420e-002  2.2416576649205126e+001  5.4001107081179889e-001  7.5741378461378905e-001  2.9100366955990206e-003  2.1498295904265219e+000  0.0000000000000000e+000  2.9348660677579574e-001  1.5285216221162832e+001
  9.7626688391073413e-001  3.3666996085795889e-002  1.1362231281169035e+002  6.6015572976379300e-001  2.2342170551541186e-002  1.0590398101474085e-003  2.2796033839205272e+000  2.7178093308452000e-002  2.2799336220935857e+001  5.4048033500703774e-001  7.5752751382315864e-001  2.9659707108833505e-003  2.1510144011777435e+000  0.0000000000000000e+000  2.9433496428641731e-001  1.3318355494882278e+001
  9.7840077544693982e-001  3.4738567312072879e-002  1.1687166580179361e+002  6.8116279374170519e-001  2.2541777314749510e-002  1.0481349493374869e-003  2.2077318291688641e+000  2.7140286888178267e-002  2.2082893266842120e+001  5.3971842738703302e-001  7.5731384014333825e-001  2.8608522847565661e-003  2.1482861600744880e+000  0.0000000000000000e+000  2.9039400203741922e-001  1.2960987033301546e+001
  1.4555595897111551e+000  4.4385435077398713e-002  4.5630805814680528e+001  8.6326458708616760e-001  3.5531174155596944e-002  1.5895448027516571e-003  1.1752766019327563e+000  2.7560395532717719e-002  1.2396302720921334e+001  5.4818639504475719e-001  7.5355194962787808e-001  1.3133619155389770e-003  2.2957183837468236e+000  1.9582244248935954e-002  1.4706266336265961e-001  2.5602360933861917e-001
  1.4490646572199837e+000  4.7489319140829184e-002  5.0524814633699457e+001  9.2394302811121520e-001  3.5977725682712590e-002  1.5366633146741658e-003  1.0644941739417089e+000  2.7442530976292900e-002  1.1334747694751339e+001  5.4581029524250191e-001  7.5329879842464365e-001  1.1534497166883553e-003  2.2780151829255066e+000  0.0000000000000000e+000  1.5001214664000631e-001  2.2550116462713843e-001
  1.4554349736486818e+000  4.5471580370236631e-002  4.7219054340613283e+001  8.8435322238527114e-001  3.5749409113456115e-002  1.5746612024553010e-003  1.1362089701466083e+000  2.7524657519635287e-002  1.2022474344014601e+001  5.4746590296438136e-001  7.5346451053380692e-001  1.2568813817550942e-003  2.2918882232129438e+000  4.7022611333338293e-003  1.4929466082999993e-001  2.5310770504062186e-001
  9.7840444840101048e-001  3.4422876134906064e-002  1.1398076403871477e+002  6.7496786703696421e-001  2.2498862878087340e-002  1.0521445158945418e-003  2.2291021420928256e+000  2.7152923221518410e-002  2.2296452650592528e+001  5.3997308256542809e-001  7.5737738435263313e-001  2.8921085743935683e-003  2.1489965245316673e+000  0.0000000000000000e+000  2.9112294863115656e-001  1.2380566455667923e+001
  9.8077271651532882e-001  3.3345590715984898e-002  1.0010593547879687e+002  6.5380745582401156e-001  2.2398080815117957e-002  1.0688980018301120e-003  2.3074979570864684e+000  2.7202694557566964e-002  2.3080164046943651e+001  5.4097613567906144e-001  7.5761054238482983e-001  3.0067702339662446e-003  2.1512625860510153e+000  0.0000000000000000e+000  2.9220013043338178e-001  9.3330356170550104e+000
  1.2065092457675781e+000  2.2965369532635602e-002  2.3896125451744847e+001  4.4954128380283020e-001  2.4229861514018989e-002  1.5229512186182993e-003  3.5205080217707341e+000  2.8403329427447721e-002  3.5098334786160969e+001  5.6518753225888041e-001  7.6120117357647887e-001  4.7730135104462820e-003  2.1311596854929586e+000  0.0000000000000000e+000  1.7065792233844715e-001  7.3397107159154751e-001
  1.0125408654516583e+000  3.0777152307273781e-002  5.8079746110596773e+001  6.0301659557044751e-001  2.2744589810415335e-002  1.1445185331108306e-003  2.5292075476696247e+000  2.7402718320291619e-002  2.5292947106728320e+001  5.4500775045298155e-001  7.5827055150946754e-001  3.3310196503021361e-003  2.1526725656237016e+000  0.0000000000000000e+000  2.7544679944333395e-001  2.8464806355866998e+000
  1.1447588022940571e+000  2.4986339658870236e-002  2.8123255440621232e+001  4.8894945161690179e-001  2.4055183421600200e-002  1.4069940434896658e-003  3.1541855227987892e+000  2.8097015340159182e-002  3.1504922940497934e+001  5.5900786965268168e-001  7.6013003678447044e-001  4.2437805231834852e-003  2.1359289288774912e+000  0.0000000000000000e+000  1.9491513230593291e-001  8.9696085888267185e-001
  1.1707941313719912e+000  2.3559251977634973e-002  2.5517363299103099e+001  4.6110277986926923e-001  2.3917088027331636e-002  1.4637913125249019e-003  3.4055837537990161e+000  2.8268169117844355e-002  3.4008632400892566e+001  5.6246054496165243e-001  7.6087699130109476e-001  4.6103994058860655e-003  2.1378915260860585e+000  0.0000000000000000e+000  1.8996497163291159e-001  8.1278742676415017e-001
  1.1382837378257125e+000  2.7399064036016885e-002  3.1506005887565092e+001  5.3603503139819397e-001  2.4841977713359272e-002  1.3642563624188515e-003  2.7818707059732670e+000  2.7917446882446795e-002  2.7772168138132194e+001  5.5538606330826568e-001  7.5901680347882439e-001  3.6979867566552145e-003  2.1217449039915346e+000  0.0000000000000000e+000  1.7974691019144606e-001  9.4332016067039537e-001
  1.0596740070284569e+000  2.9426490325489659e-002  4.1792514302858478e+001  5.7606566393165548e-001  2.3630790759618818e-002  1.2271867898432879e-003  2.6468810895441255e+000  2.7611958001194870e-002  2.6462336240491325e+001  5.4922595838735688e-001  7.5862166290160149e-001  3.5029628758540717e-003  2.1447472836215566e+000  0.0000000000000000e+000  2.3735205093602488e-001  1.4934326000933049e+000
  1.2298531031591380e+000  2.2057296471706782e-002  2.2520875283267166e+001  4.3185841174461581e-001  2.4125946312113702e-002  1.5692338269799361e-003  3.7454926462548475e+000  2.8546598913669508e-002  3.7320406728239142e+001  5.6807852120276614e-001  7.6186579661259879e-001  5.0998988235650619e-003  2.1336517509326427e+000  0.0000000000000000e+000  1.6511598471238870e-001  6.8608120237825676e-001
  1.0390758505504305e+000  3.1179658452952608e-002  4.9509338026048034e+001  6.1056281440119009e-001  2.3514838118254985e-002  1.1753840418650325e-003  2.4924315565195183e+000  2.7465039168146799e-002  2.4923995579552525e+001  5.4626402985257805e-001  7.5816183966300277e-001  3.2771823579361634e-003  2.1452599923078934e+000  0.0000000000000000e+000  2.4931564264948722e-001  1.9024274704098441e+000
  1.1179401170535568e+000  2.4422447137157764e-002  2.8870137129751672e+001  4.7802720338773913e-001  2.3296494495208740e-002  1.3768820415026525e-003  3.2762907998338058e+000  2.8067800130954446e-002  3.2733277213387481e+001  5.5841857034443976e-001  7.6049598847756594e-001  4.4230589329950151e-003  2.1500662586260120e+000  0.0000000000000000e+000  2.2336492607637487e-001  9.9620625245518601e-001
  1.0206097293124803e+000  2.9947201144610920e-002  5.2620755666207479e+001  5.8666146802838370e-001  2.2772285871926503e-002  1.1664698904471668e-003  2.6061766179780541e+000  2.7466041702626454e-002  2.6060458547280433e+001  5.4628423981874263e-001  7.5849967062765133e-001  3.4435761015948960e-003  2.1534737451341961e+000  0.0000000000000000e+000  2.7184020348048404e-001  2.4186391708835395e+000
  9.8416790032461354e-001  3.3121283430605115e-002  9.2385359401893695e+001  6.4936715911813003e-001  2.2444745347945119e-002  1.0761656492494277e-003  2.3269734247249545e+000  2.7220706832068231e-002  2.3275220804175547e+001  5.4133915314226932e-001  7.5766851937989499e-001  3.0352552664302639e-003  2.1513663215228727e+000  0.0000000000000000e+000  2.9044852259376797e-001  7.5829090245463933e+000
  9.8619534153602684e-001  3.3081449254988425e-002  8.8944463936852017e+001  6.4856029374317348e-001  2.2487850160750680e-002  1.0793179272653673e-003  2.3315485950265504e+000  2.7227640774509565e-002  2.3321139091407304e+001  5.4147890077712724e-001  7.5768216324856907e-001  3.0419470519490038e-003  2.1511804666354082e+000  0.0000000000000000e+000  2.8912002474674198e-001  6.8529509181667621e+000
  9.9152758383762696e-001  3.2410059733054150e-002  7.8862016138378124e+001  6.3532018570611581e-001  2.2511433132524836e-002  1.0949877875939726e-003  2.3861771220382177e+000  2.7270306503518915e-002  2.3866492309309422e+001  5.4233881253980698e-001  7.5784472229453637e-001  3.1218447541312387e-003  2.1520674985267192e+000  0.0000000000000000e+000  2.8703407833940642e-001  5.2858408705605315e+000
  1.0858900386813370e+000  2.8826425393633122e-002  3.7353683015893544e+001  5.6413580896054538e-001  2.4110281589776950e-002  1.2715503135684266e-003  2.6857487053559517e+000  2.7715982617735335e-002  2.6843882934707764e+001  5.5132338250306390e-001  7.5873761773068837e-001  3.5595626026439890e-003  2.1376395140447251e+000  0.0000000000000000e+000  2.1438532905050373e-001  1.2240678793846280e+000
  1.1835087525931118e+000  2.3408816059751154e-002  2.4960200593099994e+001  4.5817046041513282e-001  2.4066138860526391e-002  1.4839637794642447e-003  3.4301284259445008e+000  2.8310755022870726e-002  3.4237241426725902e+001  5.6331971726688224e-001  7.6094469906723528e-001  4.6445188148672122e-003  2.1347225905122835e+000  0.0000000000000000e+000  1.8218234697888905e-001  7.8264279209400212e-001
  9.9973825989918108e-001  3.2404919841563865e-002  7.1094684363433686e+001  6.3510022719664783e-001  2.2719253862280405e-002  1.1059663423162039e-003  2.3907195423537875e+000  2.7292937557382269e-002  2.3911773798202489e+001  5.4279494743725287e-001  7.5785840046696384e-001  3.1284862290970709e-003  2.1506968643521174e+000  0.0000000000000000e+000  2.8067494767607370e-001  4.0581371400841535e+000
  1.0020873211789245e+000  3.2457132536981660e-002  6.9458136686486611e+001  6.3608780635731410e-001  2.2788744329527211e-002  1.1084236554196258e-003  2.3875615760889541e+000  2.7297257250911366e-002  2.3880125799739631e+001  5.4288201314895446e-001  7.5784905990093920e-001  3.1238665193343215e-003  2.1501395742002281e+000  0.0000000000000000e+000  2.7861410352108551e-001  3.8132725197633426e+000
  1.1219384057675488e+000  2.6344554624274975e-002  3.0980880342164973e+001  5.1549669919737118e-001  2.4118007439558546e-002  1.3560144822044294e-003  2.9609608895611768e+000  2.7950785082476060e-002  2.9579250786133329e+001  5.5605843037197289e-001  7.5955586134636632e-001  3.9616541951889989e-003  2.1357810396876089e+000  0.0000000000000000e+000  2.0091435815349751e-001  9.9229365206958042e-001
  1.1262911625938927e+000  2.4852548634983790e-002  2.8880811433383947e+001  4.8638374420780284e-001  2.3636405345263380e-002  1.3827774277831628e-003  3.1959931707962621e+000  2.8061070844459302e-002  3.1928668844260500e+001  5.5828283643525012e-001  7.6025642491513568e-001  4.3054992165924601e-003  2.1440700426949730e+000  0.0000000000000000e+000  2.1166750608301782e-001  9.6181677895464524e-001
  1.1083362685867200e+000  2.6002634266652447e-002  3.1418793945124239e+001  5.0887916421496615e-001  2.3702774915084046e-002  1.3416426558455913e-003  3.0283633618972683e+000  2.7938765494195827e-002  3.0257460554189933e+001  5.5581601599222452e-001  7.5975718443768903e-001  4.0604796440264490e-003  2.1433570649382085e+000  0.0000000000000000e+000  2.1618649421307631e-001  1.0522278448728601e+000
  1.2244928965706654e+000  2.2640373699821369e-002  2.3179740547506444e+001  4.4322710263928744e-001  2.4345313055828328e-002  1.5532160922471271e-003  3.5958313283317942e+000  2.8475497732739496e-002  3.5807515402585906e+001  5.6664374297310438e-001  7.6141264194016212e-001  4.8800826414881725e-003  2.1287652665040722e+000  0.0000000000000000e+000  1.6168717449123257e-001  7.0111042211801400e-001
  1.0644304946477272e+000  2.7275687006927372e-002  3.7603481330052880e+001  5.3399864422945287e-001  2.3142510109776519e-002  1.2628093610938136e-003  2.8862786343596394e+000  2.7738596517994818e-002  2.8850622633162772e+001  5.5177936940095051e-001  7.5933396892918126e-001  3.8530567703278784e-003  2.1518572142375083e+000  0.0000000000000000e+000  2.4670300410330959e-001  1.4062224385884070e+000
  9.8957997121108909e-001  3.3724464468622123e-002  8.7510279489486010e+001  6.6113046691512767e-001  2.2670127076974338e-002  1.0754631650076350e-003  2.2871677969737387e+000  2.7209689343009380e-002  2.2878719987112618e+001  5.4111710708438565e-001  7.5755025610199278e-001  2.9770369795807626e-003  2.1491367902970233e+000  0.0000000000000000e+000  2.8498552182264791e-001  6.1799242281730908e+000
  1.1245736139736184e+000  2.5813629329123195e-002  3.0148112151167727e+001  5.0513070711953145e-001  2.3975792830625262e-002  1.3670693486012215e-003  3.0394708481642390e+000  2.7991824635305029e-002  3.0363774385524195e+001  5.5688614878200404e-001  7.5978975615330924e-001  4.0764967747990849e-003  2.1381563731134947e+000  0.0000000000000000e+000  2.0355496163009368e-001  9.7635393621709676e-001
  1.0267615161201862e+000  2.9437129472563339e-002  4.9391928414095545e+001  5.7660546773374510e-001  2.2810097160654630e-002  1.1816651197854929e-003  2.6557005371718621e+000  2.7509606561120004e-002  2.6554196715204910e+001  5.4716247735455426e-001  7.5864712708742910e-001  3.5159925735335149e-003  2.1537195382038465e+000  0.0000000000000000e+000  2.6870652148192159e-001  2.1784115793980283e+000
  1.0682313445911087e+000  2.7720992244067825e-002  3.7742660905498170e+001  5.4266563686092284e-001  2.3365251842062604e-002  1.2621004495255990e-003  2.8303830225901176e+000  2.7726294150780317e-002  2.8292084968593372e+001  5.5153130310807086e-001  7.5916769536689077e-001  3.7712808695709900e-003  2.1487261674161751e+000  0.0000000000000000e+000  2.3995991234954114e-001  1.3666933990971739e+000
  1.0827599912913384e+000  2.8304617540541723e-002  3.6877010981126730e+001  5.5396020366966314e-001  2.3882639812334100e-002  1.2743599948596763e-003  2.7495722520065708e+000  2.7736242200465000e-002  2.7482017145571675e+001  5.5173189645218557e-001  7.5892744861172279e-001  3.6529551265516262e-003  2.1411428137219661e+000  0.0000000000000000e+000  2.2134935934208630e-001  1.2398044152092571e+000
  1.1894038959559026e+000  2.2616720608764889e-002  2.3986393824517517e+001  4.4272862239591015e-001  2.3786059776899564e-002  1.5035191203054982e-003  3.6060754820789676e+000  2.8394267652866123e-002  3.6004725537661642e+001  5.6500469116190644e-001  7.6147341704196825e-001  4.9026820288085998e-003  2.1403661029483780e+000  0.0000000000000000e+000  1.8734409679865649e-001  7.6255974799876114e-001
  1.0486583131485450e+000  2.7833880547389361e-002  4.1072404855288731e+001  5.4503519572813941e-001  2.2933080467283588e-002  1.2333251738722642e-003  2.8245814475317292e+000  2.7659467641916846e-002  2.8237300688935022e+001  5.5018385786820545e-001  7.5915006276753638e-001  3.7629079785849416e-003  2.1540331467171998e+000  0.0000000000000000e+000  2.5758999806518196e-001  1.6354193048470334e+000
  1.4531051502526591e+000  4.8857025695787461e-002  5.2505823039028300e+001  9.5059662427839475e-001  3.6263067967232249e-002  1.5240880397450875e-003  1.0319998003468474e+000  2.7410386506641071e-002  1.1023987831155358e+001  5.4516232357993033e-001  7.5322744852142676e-001  1.1065139284664079e-003  2.2735572758298881e+000  0.0000000000000000e+000  1.5174809334096750e-001  2.2862908338236634e-001
  1.0482707958273769e+000  2.8199861942029388e-002  4.1745230396389857e+001  5.5219042925156647e-001  2.3025278258741639e-002  1.2278906628829136e-003  2.7831696877487513e+000  2.7639312636742464e-002  2.7824094282680392e+001  5.4977748295862661e-001  7.5902683217943001e-001  3.7023457230579669e-003  2.1526877813307865e+000  0.0000000000000000e+000  2.5574885170356609e-001  1.6450997525867106e+000
  1.0225824074902505e+000  3.0900076920461594e-002  5.4084186920726189e+001  6.0528833952115724e-001  2.3027507749003161e-002  1.1565835427270845e-003  2.5195394544294807e+000  2.7427546095293076e-002  2.5195846038064559e+001  5.4550822588363168e-001  7.5824202835218069e-001  3.3168655974630049e-003  2.1501349382064796e+000  0.0000000000000000e+000  2.6620964183550361e-001  2.3822303259715567e+000
  1.0002871029799583e+000  3.1572668551035694e-002  6.7790428120789073e+001  6.1877779295108226e-001  2.2585514004770525e-002  1.1175363891873665e-003  2.4576846970545105e+000  2.7331048967993654e-002  2.4579796301054671e+001  5.4356311574378147e-001  7.5805756380543621e-001  3.2264254231953102e-003  2.1528057908004126e+000  0.0000000000000000e+000  2.8279161725826091e-001  3.8737966267532769e+000
  9.8794682483774909e-001  3.2782589856098887e-002  8.4921607431475508e+001  6.4267569596463581e-001  2.2483780925824655e-002  1.0854559224688558e-003  2.3551925272282688e+000  2.7244769364647814e-002  2.3557211258342704e+001  5.4182411679475173e-001  7.5775250869372324e-001  3.0765280054080441e-003  2.1516677290617148e+000  0.0000000000000000e+000  2.8864214955309886e-001  6.2147219074149831e+000
  1.1994498406877316e+000  2.4287178188242220e-002  2.5463750592275250e+001  4.7531254707707826e-001  2.4736190373707650e-002  1.4941860596080125e-003  3.2360931505300528e+000  2.8270478027420110e-002  3.2218442715813268e+001  5.6250712639066869e-001  7.6033940124315325e-001  4.3547050663535411e-003  2.1206166382968266e+000  0.0000000000000000e+000  1.6251249837478324e-001  7.6007072960199884e-001
  9.8274697445951953e-001  3.3596836207951696e-002  9.7789004331669872e+001  6.5871436048276766e-001  2.2482847068958294e-002  1.0682285410959485e-003  2.2910959811190015e+000  2.7197316507292735e-002  2.2916962211652844e+001  5.4086774826027728e-001  7.5756180513819527e-001  2.9827814105577201e-003  2.1503994912640674e+000  0.0000000000000000e+000  2.9021951403722585e-001  8.5055839419775729e+000
  9.8085049193714613e-001  3.3214292469114830e-002  9.9103658891840709e+001  6.5123062830777612e-001  2.2379768699861257e-002  1.0706775415862859e-003  2.3172039504359550e+000  2.7208315236985747e-002  2.3177000312921223e+001  5.4108941357058526e-001  7.5763940617034076e-001  3.0209660464963171e-003  2.1515778691081460e+000  0.0000000000000000e+000  2.9248977978321689e-001  9.1841756920936692e+000
