  1.7018390950370954e+000  3.9496021645478933e-002  3.6000856282705882e+001  7.7442565445081069e-001  3.7982697871469316e-002  2.0079128376464896e-003  7.6479517612339798e-001  2.7763350268727338e-002  8.2513045075432139e+000  5.5227851576642450e-001  7.5220206326989525e-001  1.2444388570766168e-003  2.4350197941861289e+000  7.8219244079469985e-001  3.2671133880795011e-002  2.5686543978292370e-001
  1.6753491540340963e+000  4.1423607914423337e-002  3.8741649741174982e+001  8.1191198939366793e-001  3.8308258698961817e-002  1.9440501351757091e-003  6.8891951493548831e-001  2.7661027231087543e-002  7.5018402245927129e+000  5.5021530338750146e-001  7.5208981581550516e-001  1.1401144669102668e-003  2.4168699672226115e+000  5.8773495451352420e-001  6.1839756822971360e-002  2.6035556280078537e-001
  1.5940501226937882e+000  5.1073732276763484e-002  5.5327897810173965e+001  1.0011161237662729e+000  3.9399866133620301e-002  1.6990772807351593e-003  4.5663456320749241e-001  2.7255147278651526e-002  5.4153794299310212e+000  5.4203327995884898e-001  7.5177037104452438e-001  8.2998287061419526e-004  2.3402890838535986e+000  3.4889097947307768e-001  9.7833771643979286e-002  2.8551675717039560e-001
  1.4781886795598569e+000  3.0347808343066784e-002  2.8092846334912519e+001  5.9291313633693954e-001  3.1284605245102758e-002  1.8031007319823926e-003  2.1119063979704897e+000  2.8114151782755448e-002  2.1324744968764634e+001  5.5935353623151229e-001  7.5563236824641800e-001  2.6738522842392476e-003  2.2609887267373847e+000  8.5568694547614332e-001  2.1646958178578504e-002  4.4616916745429225e-001
  1.6123040974015272e+000  4.7528384577063341e-002  4.8886335377964095e+001  9.3128500135616177e-001  3.9032975806676688e-002  1.7728771072997394e-003  5.1957322548312668e-001  2.7379375514387183e-002  5.9886823485645948e+000  5.4453721988917891e-001  7.5185268567038099e-001  9.1275850150380339e-004  2.3658873950771002e+000  3.8643105204805983e-001  9.2035342192791025e-002  2.7541357359976470e-001
  1.6705671522120680e+000  4.1618004482746065e-002  3.9061140123166794e+001  8.1568070988237795e-001  3.8304793631146430e-002  1.9343329690506778e-003  6.8251737706759563e-001  2.7649204216295242e-002  7.4333128479148032e+000  5.4997692074783622e-001  7.5208474008803339e-001  1.1088983470950841e-003  2.4184327695111802e+000  5.7237380504649116e-001  6.4143929243026324e-002  2.6142046388751200e-001
  1.7046114854343308e+000  3.9291875560286349e-002  3.5728527410339623e+001  7.7045701291823898e-001  3.7942444491450199e-002  2.0146617721740262e-003  7.7359456976224017e-001  2.7774255503899337e-002  8.3381045410775716e+000  5.5249841791339094e-001  7.5221497211134292e-001  1.2558579581019302e-003  2.4369869852623878e+000  8.1995562926564869e-001  2.7006655610152700e-002  2.5657842834590266e-001
  1.6943740081727361e+000  4.0021805275648879e-002  3.6720792595559857e+001  7.8464490744993920e-001  3.8077686538713101e-002  1.9900997141919087e-003  7.4286414342008023e-001  2.7735247102677052e-002  8.0343490938184416e+000  5.5171183112594058e-001  7.5216913804251651e-001  1.2137583105969012e-003  2.4299832402228305e+000  7.0899211739325874e-001  4.3651182391011185e-002  2.5775119264188623e-001
  1.5890809830870989e+000  5.2948342810619241e-002  5.8808549337075078e+001  1.0381524020977666e+000  3.9603395804554672e-002  1.6664457365975554e-003  4.3009223694459742e-001  2.7199178532517632e-002  5.1700135658902981e+000  5.4090527482699535e-001  7.5173678974238467e-001  7.9505072435810328e-004  2.3271780876568227e+000  3.7426623956232785e-001  9.9582924380315810e-002  2.9100787457268684e-001
  1.6493103099099475e+000  4.3538107926586821e-002  4.2043181291592582e+001  8.5312750692037254e-001  3.8597446506978036e-002  1.8787307044204728e-003  6.1927509165630390e-001  2.7554180657103799e-002  6.8790195196025508e+000  5.4806109896360056e-001  7.5198994842955558e-001  1.0459508670015109e-003  2.3980479980384271e+000  4.8344063071752241e-001  7.7483905392371641e-002  2.6502137143317611e-001
  1.6791722206768713e+000  4.1133960225769553e-002  3.8312261211933482e+001  8.0627544466965329e-001  3.8263259865517603e-002  1.9533908079284578e-003  6.9951934528130266e-001  2.7676234693102986e-002  7.6064224438867800e+000  5.5052192929286647e-001  7.5210529622329392e-001  1.1546161129189544e-003  2.4195327611195885e+000  6.0774350576984082e-001  5.8838474134523887e-002  2.5978462831302290e-001
  1.6742753524716496e+000  4.1509734233291719e-002  3.8869460818171156e+001  8.1358948110071028e-001  3.8322029382373259e-002  1.9413673013135709e-003  6.8580787158623480e-001  2.7656495929539560e-002  7.4712738013413338e+000  5.5012394027282063e-001  7.5208542014635327e-001  1.1362392944646200e-003  2.4160755473267388e+000  5.8224511457244243e-001  6.2663232814133635e-002  2.6051934571418683e-001
  1.7023543874353479e+000  3.8808737775663876e-002  3.5187774732027663e+001  7.6094244341454687e-001  3.7728982152587485e-002  2.0174790450515436e-003  7.9537771395962054e-001  2.7796737745207967e-002  8.5407058821177042e+000  5.5295177571417753e-001  7.5222637188467956e-001  1.2369869188153873e-003  2.4407360085751622e+000  8.9609367600750334e-001  1.5585948598874501e-002  2.5381787613287932e-001
  1.4780664668834169e+000  3.0378677290215386e-002  2.8124143584708829e+001  5.9350733620742291e-001  3.1297420193379784e-002  1.8025116290947833e-003  2.1080112559225164e+000  2.8112413050775054e-002  2.1287594574536953e+001  5.5931846325575130e-001  7.5562275243129573e-001  2.6681827953972115e-003  2.2608016923209679e+000  8.4088398614856441e-001  2.3867402077715347e-002  4.4595708829697556e-001
  1.4780664668789274e+000  3.0378677291293274e-002  2.8124143585275721e+001  5.9350733622835561e-001  3.1297420194372136e-002  1.8025116290804482e-003  2.1080112556165052e+000  2.8112413050931817e-002  2.1287594571891603e+001  5.5931846325890966e-001  7.5562275243075328e-001  2.6681827949411666e-003  2.2608016922954581e+000  8.4088398616003834e-001  2.3867402075994245e-002  4.4595708824076191e-001
  2.6707656047746000e+000  5.6884979020166690e-002  4.2086785351569517e+001  1.1065383625896614e+000  5.6752815516589956e-002  3.2065204711977263e-003  1.0616463456159888e+000  2.8718645494365758e-002  1.1727205430465116e+001  5.7155072607595159e-001  7.5441973816619612e-001  1.2895720659502445e-003  2.5634951535567549e+000  7.3754475722874957e-001  5.5349040804136773e-002  5.7219381980900284e-002
  2.7385852587635693e+000  5.4926183600880467e-002  4.0997740732000295e+001  1.0704414820551760e+000  5.6478291890298404e-002  3.3406491473118370e-003  1.1559106957985730e+000  2.8763680336055364e-002  1.2124376213150686e+001  5.7245970488992626e-001  7.5471045112569357e-001  1.4176975156089157e-003  2.4950898263061698e+000  7.4066212048981228e-001  4.9466904234804564e-002  6.0568143355624028e-002
  1.5947297600903214e+000  5.7108430769403057e-002  6.6399166787363370e+001  1.1205683302193579e+000  4.0248628489253105e-002  1.6172725206250245e-003  3.8748727271934769e-001  2.7094957307051803e-002  4.7305694717517826e+000  5.3880494350388730e-001  7.5168243691856107e-001  7.4924343700198508e-004  2.3100090171553540e+000  5.5263868806522887e-001  1.0102245020709019e-001  3.0531463178654739e-001
  1.5894264117017725e+000  5.2561851044722482e-002  5.8099194690324488e+001  1.0305004819927199e+000  3.9552032392343651e-002  1.6721794198114302e-003  4.3536013358667702e-001  2.7210165572006506e-002  5.2108497960866771e+000  5.4112670493634063e-001  7.5174291128703519e-001  7.9966213807309595e-004  2.3299128252846981e+000  3.6832218780327020e-001  9.9326744128417452e-002  2.8976939303042726e-001
  1.6476975101124096e+000  4.3681552253510704e-002  4.2276782253752103e+001  8.5592834855023014e-001  3.8615146180051317e-002  1.8745276765173278e-003  6.1502300883290673e-001  2.7547282408371343e-002  6.8414860844393885e+000  5.4792202650717492e-001  7.5198394119023459e-001  1.0402268634560341e-003  2.3968171896087376e+000  4.7823571537016174e-001  7.8264642694475736e-002  2.6536433307207824e-001
  1.6514240191543410e+000  4.3349176362919191e-002  4.1737904497255961e+001  8.4943944243370462e-001  3.8573041274092265e-002  1.8842506866533300e-003  6.2494568073893753e-001  2.7563225085404097e-002  6.9289938750682580e+000  5.4824344098506472e-001  7.5199796552989528e-001  1.0535897858555687e-003  2.3996734300335789e+000  4.9055468313766870e-001  7.6416797529349698e-002  2.6457669881572721e-001
  1.5883092851928249e+000  5.3467215697998803e-002  5.9775177056716537e+001  1.0484214346305845e+000  3.9663656866626644e-002  1.6582546930465434e-003  4.2338756031216285e-001  2.7184698816240971e-002  5.1090768675461389e+000  5.4061345778049841e-001  7.5172850821117365e-001  7.8661835091617047e-004  2.3235073545352742e+000  3.8208920723758266e-001  9.9949834108950267e-002  2.9255475670400033e-001
  1.4780664668711927e+000  3.0378677290357040e-002  2.8124143584718443e+001  5.9350733621010587e-001  3.1297420193542022e-002  1.8025116290785548e-003  2.1080112558472290e+000  2.8112413050854101e-002  2.1287594573920046e+001  5.5931846325734291e-001  7.5562275243127708e-001  2.6681827952835802e-003  2.2608016923104683e+000  8.4088398615737137e-001  2.3867402076394286e-002  4.4595708829975456e-001
  1.6581314052331542e+000  4.2786465654492421e-002  4.0837769212186387e+001  8.3846418720888194e-001  3.8501136101907744e-002  1.9013050761149293e-003  6.4247144462476236e-001  2.7591155582598503e-002  7.0843416902080074e+000  5.4880654953980113e-001  7.5202300077222928e-001  1.0775912020486878e-003  2.4045858957806305e+000  5.1399485474270290e-001  7.2900771788594568e-002  2.6326142478558578e-001
  1.6143794040633470e+000  4.7221832753268717e-002  4.8343181367351193e+001  9.2526001449656692e-001  3.8999468154122745e-002  1.7799210175107154e-003  5.2602813874564802e-001  2.7391329260967545e-002  6.0444707630340142e+000  5.4477817515246230e-001  7.5186114371899726e-001  9.2060947830149668e-004  2.3682087045718201e+000  3.9116078225597739e-001  9.1325882661603394e-002  2.7453357027025949e-001
  1.5876275387306682e+000  5.3889907922886567e-002  6.0570341867988773e+001  1.0567890878633748e+000  3.9709172761334025e-002  1.6514775494634636e-003  4.1809105562128224e-001  2.7173198269324850e-002  5.0596299136545246e+000  5.4038168437219980e-001  7.5172193090476924e-001  7.7959916429203024e-004  2.3204555612540334e+000  3.8859183589166990e-001  1.0022958779575572e-001  2.9381087328287792e-001
  1.5971856196630283e+000  5.0218345685878879e-002  5.3758090911691625e+001  9.8423966430471554e-001  3.9307174847923426e-002  1.7151263646247707e-003  4.7013923784075118e-001  2.7282740432905017e-002  5.5375665442243909e+000  5.4258942044303815e-001  7.5178760737295813e-001  8.4722158918034730e-004  2.3463063096394996e+000  3.5466228501297248e-001  9.6800657248054117e-002  2.8301871683059127e-001
  1.6496579903427395e+000  4.3504276664877169e-002  4.1988929304618019e+001  8.5246688696344541e-001  3.8592560084431050e-002  1.8796780820457303e-003  6.2026942800134499e-001  2.7555778025403432e-002  6.8877885003833867e+000  5.4809330291277902e-001  7.5199134756987407e-001  1.0472918709068073e-003  2.3983347058332418e+000  4.8467355953052815e-001  7.7298966070420777e-002  2.6494239344009313e-001
  1.4780664668738031e+000  3.0378677290299312e-002  2.8124143584665838e+001  5.9350733620898721e-001  3.1297420193509722e-002  1.8025116290825796e-003  2.1080112558685702e+000  2.8112413050847440e-002  2.1287594574105412e+001  5.5931846325720613e-001  7.5562275243130395e-001  2.6681827953153256e-003  2.2608016923117935e+000  8.4088398615839477e-001  2.3867402076240784e-002  4.4595708830349784e-001
  1.6844242805729461e+000  4.0745017860895426e-002  3.7744773238722388e+001  7.9870833383266571e-001  3.8201211624339607e-002  1.9661145144399921e-003  7.1421750556565478e-001  2.7696835428899558e-002  7.7514553754579802e+000  5.5093730625113757e-001  7.5212684431059573e-001  1.1746362107955162e-003  2.4231551219640695e+000  6.3803435579412104e-001  5.4294846630881841e-002  2.5904124888605157e-001
  2.7935040534812630e+000  6.4673270158226631e-002  4.7421338153698265e+001  1.2540455238471060e+000  6.1924038813986927e-002  3.2954844658488868e-003  8.3313561675553949e-001  2.8535149088122491e-002  9.2477714073889210e+000  5.6784746404441755e-001  7.5467163713611018e-001  9.7314564237863457e-004  2.5569134074405566e+000  8.7418663363213955e-001  5.6978833532244970e-002  4.9200859997253488e-002
  1.5876428955991293e+000  5.7474383341719198e-002  6.7352779897170649e+001  1.1278470624526729e+000  4.0144255674341531e-002  1.6020128032926369e-003  3.7893921834820787e-001  2.7084272805484977e-002  4.6973844339590762e+000  5.3858963478928779e-001  7.5167466008964456e-001  7.2930949807286510e-004  2.2849212505295213e+000  4.4962970653559087e-001  1.0173260338756229e-001  3.0463642515484818e-001
  1.4782495342121496e+000  3.0332379640908777e-002  2.8077229907475779e+001  5.9261613766275834e-001  3.1278190771402710e-002  1.8033948216328191e-003  2.1138562887158674e+000  2.8115015176272795e-002  2.1343340325285055e+001  5.5937095226720679e-001  7.5563718841608063e-001  2.6766905645790248e-003  2.2610832471221416e+000  8.6370432242958439e-001  2.0444351635562345e-002  4.4627534168068328e-001
  1.4780664668715664e+000  3.0378677289635132e-002  2.8124143584311106e+001  5.9350733619607032e-001  3.1297420192901167e-002  1.8025116290851042e-003  2.1080112560402000e+000  2.8112413050772389e-002  2.1287594575599869e+001  5.5931846325569623e-001  7.5562275243164523e-001  2.6681827955706353e-003  2.2608016923250385e+000  8.4088398615712334e-001  2.3867402076431499e-002  4.4595708833989017e-001
  1.6993129296434222e+000  3.9680974280120865e-002  3.6250368007448316e+001  7.7802097128165293e-001  3.8018189572189054e-002  2.0017898837614125e-003  7.5696983424619191e-001  2.7753600329375905e-002  8.1740477659902933e+000  5.5208191193184675e-001  7.5219051155825822e-001  1.2340445871192405e-003  2.4332441293145375e+000  7.5362126376852745e-001  3.6956810434720877e-002  2.5714435676057190e-001
  1.5873750545251872e+000  5.4160169972044002e-002  6.1076762282909534e+001  1.0621407785734789e+000  3.9741113264744422e-002  1.6474135654725463e-003  4.1479117198738713e-001  2.7165920914863806e-002  5.0295379960010846e+000  5.4023502336191775e-001  7.5171788922728078e-001  7.7544551277150542e-004  2.3184873885882391e+000  3.9287277176945845e-001  1.0039020102060306e-001  2.9462144537766921e-001
  1.6400713234950917e+000  4.4362890094757801e-002  4.3406382080869946e+001  8.6924043555888275e-001  3.8693064200127872e-002  1.8545973736399295e-003  5.9555066931493350e-001  2.7514836229644901e-002  6.6654852635593782e+000  5.4726790637265132e-001  7.5195628758475286e-001  1.0130681285240931e-003  2.3910236576852020e+000  4.5551415351062619e-001  8.1672876973406069e-002  2.6698704772053500e-001
  1.6474688346964450e+000  4.3701864411394398e-002  4.2309984102375395e+001  8.5632498638774146e-001  3.8617613732746588e-002  1.8739318327713262e-003  6.1442420756992711e-001  2.7546303124363014e-002  6.8362011800344433e+000  5.4790228368319127e-001  7.5198310187187356e-001  1.0394204644796293e-003  2.3966433798501612e+000  4.7751213457980002e-001  7.8373179813029992e-002  2.6541301157940367e-001
  1.5937317856697917e+000  5.1174436272432178e-002  5.5513011114330368e+001  1.0031051443516898e+000  3.9411003230700736e-002  1.6972462787798260e-003  4.5511502812975912e-001  2.7252045391392477e-002  5.4014482516826696e+000  5.4197076230344443e-001  7.5176842777542308e-001  8.2799994451247458e-004  2.3395885108773862e+000  3.5014155673657721e-001  9.7944538142266890e-002  2.8580809564693432e-001
  1.6696334874227292e+000  4.1584758970918748e-002  3.9030075457718333e+001  8.1502436882095330e-001  3.8280213878428213e-002  1.9333672561597664e-003  6.8383118695307132e-001  2.7650931674940260e-002  7.4482106356145383e+000  5.5001175062297847e-001  7.5207927447760825e-001  1.1067440799909650e-003  2.4163052272284919e+000  5.7210057521447366e-001  6.4184913717828959e-002  2.6169912801664974e-001
  1.6709697340941501e+000  4.1761039489080165e-002  3.9248862698821334e+001  8.1848276323360358e-001  3.8358719046926032e-002  1.9332890021531725e-003  6.7686776533127890e-001  2.7643530212984491e-002  7.3848282056332861e+000  5.4986251910021622e-001  7.5207244558646502e-001  1.1240904995467697e-003  2.4137745327625870e+000  5.6671993826732847e-001  6.4992009259900715e-002  2.6103711185614670e-001
  1.6018768395391010e+000  4.9237712789500648e-002  5.1965692505348407e+001  9.6491264844233504e-001  3.9207353822544450e-002  1.7350676465952149e-003  4.8682172900002030e-001  2.7316167582080331e-002  5.6913606519227091e+000  5.4326316520197615e-001  7.5180937298148920e-001  8.6954023315919185e-004  2.3533002591337060e+000  3.6433629149918589e-001  9.5349556275122108e-002  2.8022359872625541e-001
  1.6602168021116901e+000  4.2614858542623410e-002  4.0567008023405727e+001  8.3511831308470452e-001  3.8478242452142319e-002  1.9065657445018313e-003  6.4801003176802929e-001  2.7599809384604157e-002  7.1329575263483580e+000  5.4898102250576564e-001  7.5203091761832108e-001  1.0850872510183695e-003  2.4061051287699522e+000  5.2183260918793639e-001  7.1725108621809530e-002  2.6287470088205256e-001
  1.6484514063262323e+000  4.3613957390145473e-002  4.2166867978207144e+001  8.5460839100195363e-001  3.8606868276041040e-002  1.8764973547158424e-003  6.1701507184804427e-001  2.7550526303950162e-002  6.8590689368656399e+000  5.4798742509482246e-001  7.5198674522888265e-001  1.0429089498153171e-003  2.3973952298885521e+000  4.8065950779151989e-001  7.7901073831272011e-002  2.6520307206822352e-001
  1.6576730051019222e+000  4.2821763836905724e-002  4.0894028266464439e+001  8.3915247419281191e-001  3.8505244344192488e-002  1.9001834183060868e-003  6.4133369288962960e-001  2.7589400608028836e-002  7.0743026835675318e+000  5.4877116693370454e-001  7.5202138422311937e-001  1.0760379410460624e-003  2.4042719540135749e+000  5.1241022945832881e-001  7.3138465581250672e-002  2.6334250873993448e-001
  1.5888475930799364e+000  5.3128841380448093e-002  5.9142843970341843e+001  1.0417259158397167e+000  3.9625409452513215e-002  1.6636599998198639e-003  4.2771882285247109e-001  2.7194051250618356e-002  5.1494549431727235e+000  5.4080194165089424e-001  7.5173391263576528e-001  7.9235476603277746e-004  2.3259040632776977e+000  3.7700112799820196e-001  9.9708718176227215e-002  2.9155726176982710e-001
  1.5926421011392955e+000  5.1505427560864570e-002  5.6126201768691537e+001  1.0096403692182689e+000  3.9445630447695446e-002  1.6911921952080474e-003  4.5016506358929931e-001  2.7241805266319252e-002  5.3560137080706438e+000  5.4176437683557488e-001  7.5176213335093256e-001  8.2154129704258352e-004  2.3372689378321954e+000  3.5433290671915785e-001  9.8296119374866653e-002  2.8677786370999919e-001
  1.5893799342802015e+000  5.2807094880023421e-002  5.8544545407415043e+001  1.0353599103996056e+000  3.9588087417288510e-002  1.6688043324984182e-003  4.3195333799910784e-001  2.7203241682703272e-002  5.1877760695291162e+000  5.4098716228708632e-001  7.5173915204948638e-001  7.9764210263005494e-004  2.3281696599052419e+000  3.7222534029182675e-001  9.9470185516166834e-002  2.9059706938727731e-001
  1.5890604849441277e+000  5.2830610748542138e-002  5.8595693841194745e+001  1.0358185871385948e+000  3.9585381882481591e-002  1.6680018725212661e-003  4.3170697501111199e-001  2.7202477409776327e-002  5.1805236933002590e+000  5.4097175934443342e-001  7.5173854573084908e-001  7.9587845890985963e-004  2.3280191452519969e+000  3.7234868117877407e-001  9.9520485893973096e-002  2.9060558698827310e-001
  1.6592306373961951e+000  4.2695400328377119e-002  4.0694051654599313e+001  8.3668848389856898e-001  3.8488968116209013e-002  1.9040846983814251e-003  6.4539820875347864e-001  2.7595689228448572e-002  7.1100096582786740e+000  5.4889795410993436e-001  7.5202719448710020e-001  1.0815467687856871e-003  2.4053903253410973e+000  5.1810476045347109e-001  7.2284285931979331e-002  2.6305650022651256e-001
