  9.9315274327971199e+000  6.1560741091766538e+000 -3.1869947362537889e+000 -2.9831568593010243e+000 -3.1777683987694161e-001  2.2699831921564284e+000  2.8891999642418263e+001  6.8348265443311851e-001  1.0761266259943518e+000  1.0000000000000000e+000                      Inf
 -2.2414360273094842e+000  4.8274402934079390e+000 -9.0668539634386214e+000 -3.7498151279137151e+000  2.4516395714560000e+000  4.1628536570882861e+000  1.2891813722751872e+001  6.3189808147137172e-001  1.0433235512668363e+001  1.0000000000000000e+000                      Inf
  9.5066353462420334e+000  6.9957807770184779e+000 -4.3325045324679587e+000 -1.6087934641673183e+000 -3.7018561520907944e-001  1.6660212702683332e+000  6.3795087936665968e+000  1.1694319301515093e+000  3.5645917026370633e-001  1.0000000000000000e+000                      Inf
  9.9800083794663834e+000  7.0000000000000000e+000 -4.1139290087400067e+000 -1.5502102183653899e+000 -4.5263881509457043e-001  1.4563765482500404e+000  6.6666666398189784e+000  8.9076556462958723e-001  2.5275258846082010e-001  1.0000000000000000e+000                      Inf
  9.5203004898711718e+000  6.6530834290875154e+000 -4.1990176983791221e+000 -1.6416744896391640e+000 -3.8354345204380752e-001  1.5048458210893736e+000  6.6661482419367379e+000  9.9991345354018812e-001  1.6879562525620045e-001  1.0000000000000000e+000                      Inf
  1.0000000000000000e+001  6.0906106701443523e+000 -3.3556985432222213e+000 -3.2033602512595105e+000 -2.8607352629501925e-001  3.5042975907051379e+000  2.1807417878656455e+001  8.2013746765135587e-001  2.2376455648066020e+000  1.0000000000000000e+000  2.0008190109189830e+000
  9.8756540834360198e+000  6.1305803072174410e+000 -3.2562830789000423e+000 -3.1337686164581600e+000 -3.5734560813642019e-001  2.9554842263159360e+000  2.5733335658558310e+001  7.5642161693099708e-001  1.7318425269121143e+000  1.0000000000000000e+000  6.5040631550611061e-001
  1.0000000000000000e+001  6.2472398524665413e+000 -3.2201740632305702e+000 -2.7215363686854852e+000 -3.0150467967467526e-001  2.9910954187613124e+000  2.7579396289512566e+001  7.5614338376580725e-001  1.8152352520671873e+000  1.0000000000000000e+000  5.0699136182815341e-001
 -2.5814538666266249e+000 -3.1073168127105659e+000 -6.9722771991637202e+000  4.8242284309048422e-001 -4.1820421132447843e+000  2.4417934392961378e+000  2.8417827148774915e+001  8.4127548991202694e-001  1.0095606241963135e+000  1.0000000000000000e+000  3.8332727196991956e-001
  9.7136079741962149e+000  6.9443217384912082e+000 -3.9843620928260597e+000 -1.6460880069265462e+000 -4.3605727853319626e-001  1.9654500567165183e+000  7.7845650244888986e+000  8.4321367751591891e-001  7.8040537925026776e-001  1.0000000000000000e+000  3.6902743145798611e-001
  9.5200105718363996e+000  6.6553578890185889e+000 -4.1992460559902343e+000 -1.6411392841204246e+000 -3.8328082608201247e-001  1.5045503295844891e+000  6.6635007532168977e+000  9.9999661713834354e-001  1.6909860838813126e-001  1.0000000000000000e+000  3.1785977796607445e-001
  9.7089014118291317e+000  6.9381417684810742e+000 -4.0529275227081696e+000 -1.6673783016421218e+000 -4.3512756312255779e-001  1.8003708141330335e+000  7.2709644631637094e+000  8.7591310346463658e-001  5.9612107325851982e-001  1.0000000000000000e+000  1.8554077720671508e-001
  9.7660479949920465e+000  6.9503919445764515e+000 -4.0239684294559375e+000 -1.5930474084627069e+000 -3.5683471293081220e-001  1.7384228950697536e+000  7.3416094342668652e+000  8.4764163006615867e-001  5.4530741413679895e-001  1.0000000000000000e+000  1.3163121302090797e-001
  9.6897260498389208e+000  6.9420765434056415e+000 -3.9856504332873923e+000 -1.5907223722265174e+000 -4.7241073835742081e-001  1.9603943045230234e+000  7.7726503742626996e+000  8.4360474186976386e-001  7.7436190720692832e-001  1.0000000000000000e+000  1.0686132822176908e-001
  9.7109624433203940e+000  6.9047342043812652e+000 -4.0758146008090561e+000 -1.5752619440964268e+000 -4.3495001957917256e-001  1.6982392039188239e+000  7.0837676559115916e+000  8.8513852550640670e-001  4.7802210449848348e-001  1.0000000000000000e+000  7.9928152224942151e-002
  9.7157994112621306e+000  6.9263909437898921e+000 -4.0956358228497551e+000 -1.6360364736014916e+000 -4.3366483643089832e-001  1.5586164644252878e+000  6.8597149378940010e+000  8.8725023647258627e-001  3.3907911990093031e-001  1.0000000000000000e+000  4.4376547440691874e-002
  9.7388911405761096e+000  7.0000000000000000e+000 -4.0960617975650875e+000 -1.6602849028464941e+000 -5.2516733583048070e-001  1.5790365387647955e+000  6.8539295795938191e+000  8.8731641364072456e-001  3.8085238917467518e-001  1.0000000000000000e+000  3.4473999576860329e-002
  9.4244815852893744e+000  6.7675941635951506e+000 -4.1905005906911201e+000 -1.7015545944221628e+000 -4.0446602946876464e-001  1.4870316008288342e+000  6.5829846891698924e+000  9.8111091571645859e-001  1.8866039104010426e-001  1.0000000000000000e+000  2.2372374368022200e-002
  9.3775222761272872e+000  6.7857461688099123e+000 -4.2026447513325635e+000 -1.6465553488710112e+000 -4.1537661307548668e-001  1.4876282282017770e+000  6.5451314839266832e+000  9.9385214722345783e-001  1.8947695052791372e-001  1.0000000000000000e+000  1.9391779355582835e-002
  9.5485114495005394e+000  7.0000000000000000e+000 -4.1010432669243633e+000 -1.6742321233948765e+000 -4.9984852780359840e-001  1.5643928816213766e+000  6.8207968017046250e+000  8.9016155139734621e-001  3.6472471783374905e-001  1.0000000000000000e+000  1.9391173575560645e-002
  9.4268485720056674e+000  6.7866399500970438e+000 -4.1659343681135583e+000 -1.7444834063819707e+000 -4.0115743902459527e-001  1.4800646432113307e+000  6.6244633930519186e+000  9.5273412818229974e-001  1.9681815658458193e-001  1.0000000000000000e+000  1.8961828607493729e-002
  9.5040310540495589e+000  6.6997332743777065e+000 -4.1917232292706643e+000 -1.6390019056950169e+000 -3.7323400016634395e-001  1.4960698585850452e+000  6.6359046222570557e+000  9.8755304750905137e-001  1.7722911057147064e-001  1.0000000000000000e+000  1.8812540169769344e-002
  9.4111744509144017e+000  6.8503870915220029e+000 -4.1677143991993768e+000 -1.7802361817548387e+000 -4.0911203744127284e-001  1.4735952790908475e+000  6.5792580690957152e+000  9.5063412905995692e-001  2.0831239146573421e-001  1.0000000000000000e+000  1.7162446050342259e-002
  9.7396938313361012e+000  7.0000000000000000e+000 -4.0946309857677017e+000 -1.6605405695338482e+000 -5.2665211087936337e-001  1.5789462172810109e+000  6.8592018874462841e+000  8.8608211975041251e-001  3.8116479577343076e-001  1.0000000000000000e+000  1.7003716418556036e-002
  9.9997931990769704e+000  6.9997345290115165e+000 -4.1266350909145340e+000 -1.3381728885827382e+000 -3.9005778952086495e-001  1.4571217992447785e+000  6.6244067240563327e+000  9.0244462997332653e-001  2.4940644534425041e-001  1.0000000000000000e+000  1.6387793681098370e-002
  9.5157837669578864e+000  6.6833896696354547e+000 -4.1975696325906586e+000 -1.6463089794151162e+000 -3.7339332841331840e-001  1.4998430982952728e+000  6.6396962480887582e+000  9.9567039877114127e-001  1.7364982704944928e-001  1.0000000000000000e+000  1.5641631941096985e-002
  9.9993049247316765e+000  7.0000000000000000e+000 -4.1180724763036451e+000 -1.3609958430968772e+000 -3.7700886683249552e-001  1.4565882354622741e+000  6.6525797206959565e+000  8.9452853395340315e-001  2.5167801652111677e-001  1.0000000000000000e+000  1.5534591952274966e-002
  9.5560412165529964e+000  6.9857927987819552e+000 -4.1217687719967060e+000 -1.6675196025089938e+000 -5.0958307395317515e-001  1.4577211861392982e+000  6.6458099126684838e+000  8.9848759520972954e-001  2.4749556467455242e-001  1.0000000000000000e+000  1.5410344880981523e-002
  9.9997834560339456e+000  6.9706921021593100e+000 -4.1810265625882996e+000 -1.2693174611458076e+000 -4.6811019858010589e-001  1.4651395158602161e+000  6.4826608086179407e+000  9.5833610529028235e-001  2.2964067701338656e-001  1.0000000000000000e+000  1.4898277145566585e-002
  1.0000000000000000e+001  6.9087104582228633e+000 -4.1378524215506154e+000 -1.5559149463687889e+000 -4.2647955667113585e-001  1.4646173801815752e+000  6.6294249473679576e+000  9.1715853655288793e-001  2.2673441239639955e-001  1.0000000000000000e+000  1.4622188074230744e-002
  9.8044850855832699e+000  7.0000000000000000e+000 -4.2083207729023790e+000 -1.6285931089927213e+000 -4.3965892627803932e-001  1.4677927039356584e+000  6.4064204227671784e+000  9.8719709814986156e-001  2.2949788870228052e-001  1.0000000000000000e+000  1.4361109898734223e-002
  9.4110679328589910e+000  6.8495702251174366e+000 -4.1620428956340074e+000 -1.7798754688438894e+000 -4.1117394432664695e-001  1.4728067468680972e+000  6.5941016437306299e+000  9.4470189447720077e-001  2.0937327175563428e-001  1.0000000000000000e+000  1.4358561789317707e-002
  9.9708594058312023e+000  6.9996941889900084e+000 -4.1311246199191549e+000 -1.3536941529069555e+000 -3.8971946460681067e-001  1.4574447834410591e+000  6.6100410136760637e+000  9.0667193168896909e-001  2.4824860044798897e-001  1.0000000000000000e+000  1.4115332626017602e-002
  9.7393391745122617e+000  7.0000000000000000e+000 -4.0973451971782229e+000 -1.6595885506330965e+000 -5.2286879412085008e-001  1.5699655670955819e+000  6.8400530990750426e+000  8.8751825884724178e-001  3.7139345570539312e-001  1.0000000000000000e+000  1.3713139696560550e-002
  9.9827401750881801e+000  6.9220970651008749e+000 -4.1421961556501534e+000 -1.3669449167963612e+000 -4.0909386970245237e-001  1.4639526087043329e+000  6.6100560097734009e+000  9.2074771383623233e-001  2.2852193953150068e-001  1.0000000000000000e+000  1.3355643286569196e-002
  9.9896748552940622e+000  6.9876366013369760e+000 -4.1379565264483791e+000 -1.5895335725142032e+000 -3.9811839232703949e-001  1.4587393467069005e+000  6.5936123361668297e+000  9.1366244836895161e-001  2.4379961497619715e-001  1.0000000000000000e+000  1.2962199811313597e-002
  9.9841014302585069e+000  6.9424615346213532e+000 -4.1835862176896050e+000 -1.3732773380351992e+000 -4.6866490165201274e-001  1.4678272689194749e+000  6.4901313008885104e+000  9.6254347953661201e-001  2.2314118835013602e-001  1.0000000000000000e+000  1.2718626051896425e-002
  9.4254227115254618e+000  6.8490573660818805e+000 -4.1604434233203271e+000 -1.7795265536825464e+000 -4.1284698320151453e-001  1.4726276974587342e+000  6.5985339913888419e+000  9.4306425086949219e-001  2.0961867239040730e-001  1.0000000000000000e+000  1.2261828089576321e-002
  9.9775574444426756e+000  6.9894760158518237e+000 -4.1982903627222070e+000 -1.2946510652089496e+000 -4.6152996495405513e-001  1.4666489696584399e+000  6.4333391362279118e+000  9.7635955298691968e-001  2.2959133662840922e-001  1.0000000000000000e+000  1.2021236850184221e-002
  9.9244162080013538e+000  6.9432908800259199e+000 -4.1462556579030379e+000 -1.4582105546336368e+000 -2.7729259675224599e-001  1.4627423790965686e+000  6.5882192595721394e+000  9.2375111288150291e-001  2.3205817975499357e-001  1.0000000000000000e+000  1.1912873219252522e-002
  9.4297929526362090e+000  6.7678134582671783e+000 -4.1831859618908913e+000 -1.7217271524809297e+000 -4.0445534259716687e-001  1.4854260704635061e+000  6.5982775757409753e+000  9.7283137901134786e-001  1.9009608630727273e-001  1.0000000000000000e+000  1.1547941289126581e-002
  9.6504687600539079e+000  6.9717881101790029e+000 -4.1626608596845251e+000 -1.5684832247626994e+000 -5.6848308899325706e-001  1.4624536460215802e+000  6.5293841000857329e+000  9.3895415688532036e-001  2.3423521772144884e-001  1.0000000000000000e+000  1.1408437287173792e-002
  9.5485369899874293e+000  6.9787819380947242e+000 -4.1548425989390569e+000 -1.5595069969005049e+000 -5.1489760850352906e-001  1.4610225446709757e+000  6.5478181563071551e+000  9.3067891275690262e-001  2.3765117362444935e-001  1.0000000000000000e+000  1.1276037339178112e-002
  9.9932046252398639e+000  6.9966543273998081e+000 -4.1587873688455028e+000 -1.4826167761954732e+000 -4.8199838960764924e-001  1.4602098962201335e+000  6.5291784008201468e+000  9.3387523362444635e-001  2.4061498047687827e-001  1.0000000000000000e+000  1.0969399573655673e-002
  9.0695151069301225e+000  6.7693068763400017e+000 -4.1760611876548133e+000 -1.7535429809920597e+000 -4.7221673846094886e-001  1.4838726862000036e+000  6.6129484180068401e+000  9.6485005831866844e-001  1.9173438851377303e-001  1.0000000000000000e+000  1.0840432775803566e-002
  9.9849582601689608e+000  6.9402271642969797e+000 -4.1802247200682565e+000 -1.3742618297978688e+000 -4.6965904292450578e-001  1.4674564079164842e+000  6.4993440021153024e+000  9.5901864131597547e-001  2.2344752119387370e-001  1.0000000000000000e+000  1.0300806599178860e-002
  9.4871977574612831e+000  6.8835123675572971e+000 -4.1586124774126123e+000 -1.8029034313721710e+000 -4.1603583926140170e-001  1.4691592244099303e+000  6.5838478486570553e+000  9.3922628918276485e-001  2.1680161252766375e-001  1.0000000000000000e+000  9.6404905124079093e-003
  9.0609213335826837e+000  6.7785545041114670e+000 -4.1793265467835941e+000 -1.7441179505069933e+000 -4.7187101754514671e-001  1.4834203431693822e+000  6.5989139685132523e+000  9.6781735711356631e-001  1.9271768154492988e-001  1.0000000000000000e+000  9.0301314882183167e-003
  9.3830716823467970e+000  6.8093222810622240e+000 -4.1469724736691962e+000 -1.6898384408402627e+000 -4.1647225335184468e-001  1.4747010089652861e+000  6.6585874630698410e+000  9.3155369226246576e-001  2.0492117579910543e-001  1.0000000000000000e+000  8.7618129398705866e-003
  9.6096553472960569e+000  7.0000000000000000e+000 -4.1343408932823946e+000 -1.3619560443019585e+000 -6.1539284263620520e-001  1.4576685161363752e+000  6.5998031309044700e+000  9.0971011252756373e-001  2.4749328659692493e-001  1.0000000000000000e+000  8.5581683682740516e-003
