  1.2568589961475582e+000  2.1718000733596081e-002  2.1753097499406863e+001  4.2528252220512269e-001  2.4325604499746471e-002  1.6128195581283828e-003  3.8498103744539485e+000  2.8648059087630573e-002  3.8286128908794296e+001  5.7012609704919548e-001  7.6215395339099656e-001  5.2476410055540684e-003  2.1300827349498723e+000  0.0000000000000000e+000  1.5004487197842481e-001  6.4501002928441720e-001
  9.8724479378885910e-001  3.2660899903593554e-002  8.5285240353129495e+001  6.4029784781917731e-001  2.2446641859801129e-002  1.0861033113609318e-003  2.3639661104402734e+000  2.7248135096436643e-002  2.3644632366569226e+001  5.4189195168983950e-001  7.5777858585840319e-001  3.0893599358957878e-003  2.1520808413970967e+000  0.0000000000000000e+000  2.8948509606880857e-001  6.3593020647640648e+000
  1.2568583882235569e+000  2.1717994790857252e-002  2.1753101477925100e+001  4.2528240499936354e-001  2.4325593005328789e-002  1.6128187727255481e-003  3.8498117314292877e+000  2.8648058286966371e-002  3.8286145538352962e+001  5.7012608089012851e-001  7.6215395841494693e-001  5.2476431533781016e-003  2.1300829730499373e+000  0.0000000000000000e+000  1.5004540645182843e-001  6.4501082704343571e-001
  9.9097981757979836e-001  3.3097618100066020e-002  8.2567284861084886e+001  6.4881349912827968e-001  2.2609577908010655e-002  1.0853779014403104e-003  2.3335950893039765e+000  2.7239563008895962e-002  2.3341894507320603e+001  5.4171918534304453e-001  7.5768834330536994e-001  3.0449402712315818e-003  2.1504224416844546e+000  0.0000000000000000e+000  2.8554925841801487e-001  5.6032832006933520e+000
  1.2285345344120477e+000  2.2521594440468026e-002  2.2984486599299125e+001  4.4091639642630015e-001  2.4345360385126032e-002  1.5606860319832706e-003  3.6255254619074648e+000  2.8496495847335712e-002  3.6096633688769742e+001  5.6706746172813993e-001  7.6149907034145981e-001  4.9229936727702393e-003  2.1288177293571953e+000  0.0000000000000000e+000  1.6022736815169417e-001  6.9367183965661561e-001
  1.2001436586611991e+000  2.3371821685934702e-002  2.4467808824634972e+001  4.5746134010626499e-001  2.4323522950337868e-002  1.5081277078979104e-003  3.4302503515725462e+000  2.8351881743059248e-002  3.4197778971858249e+001  5.6414948423485889e-001  7.6093188425966485e-001  4.6412010679873668e-003  2.1292254453224078e+000  0.0000000000000000e+000  1.7067820738044986e-001  7.4961467214440469e-001
  1.1048166809742481e+000  2.5730522016225221e-002  3.1328069329734834e+001  5.0358766164374758e-001  2.3528213570138998e-002  1.3404284453173083e-003  3.0726159649865341e+000  2.7946453902352619e-002  3.0700634836265678e+001  5.5597107760703501e-001  7.5988903932464724e-001  4.1252524486647645e-003  2.1463032006899887e+000  0.0000000000000000e+000  2.2194553184340901e-001  1.0692031987572055e+000
  1.1922196223503547e+000  2.3075834605595903e-002  2.4370541379739830e+001  4.5168229294237100e-001  2.4053534399920334e-002  1.5010472018241641e-003  3.4997564269452557e+000  2.8360166889179750e-002  3.4924469947412611e+001  5.6431664820299154e-001  7.6114989799088340e-001  4.7454831925858448e-003  2.1348941493871121e+000  0.0000000000000000e+000  1.7965236091127515e-001  7.6154613069753507e-001
  1.1197246916575991e+000  2.5135727016943488e-002  2.9598066207022239e+001  4.9192663188473446e-001  2.3615169321764568e-002  1.3696042143585517e-003  3.1541251271805226e+000  2.8024778346274148e-002  3.1511640948756266e+001  5.5755080940921609e-001  7.6013174739087308e-001  4.2443273742578981e-003  2.1445853937880845e+000  0.0000000000000000e+000  2.1447005027582064e-001  9.9160270924561467e-001
  9.9122598873735968e-001  3.2925695163122305e-002  8.1471196921910263e+001  6.4543805398591692e-001  2.2588508697974470e-002  1.0879212291605223e-003  2.3465888025461119e+000  2.7247488596864766e-002  2.3471550065131851e+001  5.4187892174823205e-001  7.5772698820669693e-001  3.0639444286645820e-003  2.1508070110796966e+000  0.0000000000000000e+000  2.8582363153747031e-001  5.4941764906477264e+000
  1.0685978686245621e+000  2.8040504231111523e-002  3.8181603078907990e+001  5.4890380794402938e-001  2.3467947887116546e-002  1.2582872739941642e-003  2.7924544026461948e+000  2.7710293672371211e-002  2.7913478526785369e+001  5.5120867213468649e-001  7.5905485025813801e-001  3.7158052657224501e-003  2.1472431126300253e+000  0.0000000000000000e+000  2.3736229510013973e-001  1.3661732952676295e+000
  1.1012343470055161e+000  2.6549403974857617e-002  3.2664783007628031e+001  5.1958109773498251e-001  2.3742093231228327e-002  1.3241660932462897e-003  2.9559714344487507e+000  2.7886434365763657e-002  2.9536588126160908e+001  5.5476062036053087e-001  7.5954167155173924e-001  3.9546617488474857e-003  2.1428810209060543e+000  0.0000000000000000e+000  2.1774656365478989e-001  1.0954821713978784e+000
  1.0965567395416955e+000  2.7585727999254798e-002  3.4485110039415254e+001  5.3983460594102739e-001  2.3982895047981893e-002  1.3033962189317511e-003  2.8218200081681086e+000  2.7812914986030002e-002  2.8198671016793540e+001  5.5327799836050851e-001  7.5914238196232720e-001  3.7584750681826651e-003  2.1391759644184667e+000  0.0000000000000000e+000  2.1337841641220526e-001  1.1342358914675481e+000
  1.0814382838341345e+000  2.7344043412255173e-002  3.5594787929479494e+001  5.3520837365952556e-001  2.3557695575085951e-002  1.2856274725637001e-003  2.8678997348001172e+000  2.7785735901677766e-002  2.8663557380398530e+001  5.5272992063417625e-001  7.5927950166491787e-001  3.8260426441418284e-003  2.1460324653451215e+000  0.0000000000000000e+000  2.2999748938708645e-001  1.2389150762751087e+000
  1.1464597671941643e+000  2.4427784152795708e-002  2.7400265091793560e+001  4.7805647919856259e-001  2.3855312463250712e-002  1.4171733576302274e-003  3.2535820178513468e+000  2.8141891160112342e-002  3.2499802912683080e+001  5.5991309139484713e-001  7.6042702401146112e-001  4.3893317280431950e-003  2.1396083316550376e+000  0.0000000000000000e+000  1.9935405840686066e-001  8.8689057385640713e-001
  9.9453375808073541e-001  3.2175957954265831e-002  7.4814177245780655e+001  6.3068732835804464e-001  2.2547287380144075e-002  1.1020056451737687e-003  2.4061989440989358e+000  2.7288552393825327e-002  2.4066277509413339e+001  5.4270656251692628e-001  7.5790432584718859e-001  3.1511272848032124e-003  2.1521869514234622e+000  0.0000000000000000e+000  2.8543281946256160e-001  4.7103612934416441e+000
  1.0770649989891459e+000  2.8280349438268990e-002  3.7483393003556039e+001  5.5352596462477055e-001  2.3739819750050961e-002  1.2667895641625445e-003  2.7580136540822622e+000  2.7721874561399629e-002  2.7567837519957905e+001  5.5144218674409196e-001  7.5895250965025440e-001  3.6653601375848596e-003  2.1433408890386216e+000  0.0000000000000000e+000  2.2725239590176019e-001  1.2871226164531575e+000
  1.0242841437960923e+000  3.0735993312271406e-002  5.3060003046421528e+001  6.0205270713584202e-001  2.3037526506908140e-002  1.1610767393423504e-003  2.5339277676554008e+000  2.7440381651327117e-002  2.5339280609614889e+001  5.4576696828716287e-001  7.5828486239251891e-001  3.3379053983640418e-003  2.1502126684249472e+000  0.0000000000000000e+000  2.6528938361018456e-001  2.3092507404511862e+000
  1.1353877524399889e+000  2.4590263251804433e-002  2.8098697830480255e+001  4.8124612756699153e-001  2.3709913822316336e-002  1.3992577813581009e-003  3.2339659130234857e+000  2.8102703205415525e-002  3.2306423436673171e+001  5.5912260139855441e-001  7.6036935661123262e-001  4.3609211460914100e-003  2.1425563206447054e+000  0.0000000000000000e+000  2.0671580732522260e-001  9.2522917765399304e-001
  1.0585900555638670e+000  3.0228050518591645e-002  4.3410872543614211e+001  5.9175065485427680e-001  2.3803815579092523e-002  1.2148587284063991e-003  2.5681388178195359e+000  2.7568856721567947e-002  2.5676804804977849e+001  5.4835697953292950e-001  7.5838747917785043e-001  3.3878087837509729e-003  2.1423500866647744e+000  0.0000000000000000e+000  2.3383048530487141e-001  1.5265418227392815e+000
  1.1644321328306546e+000  2.4190672931875212e-002  2.6425680461127996e+001  4.7341534525930196e-001  2.4086274374498704e-002  1.4459220871486098e-003  3.2827265382659778e+000  2.8202507367728558e-002  3.2779520488163612e+001  5.6113588630295652e-001  7.6050983705299269e-001  4.4306113529969382e-003  2.1347109989665500e+000  0.0000000000000000e+000  1.8785067417277440e-001  8.3428382847384097e-001
  1.1287793116721934e+000  2.6354981544503522e-002  3.0606386827879060e+001  5.1567930220714120e-001  2.4266105701180922e-002  1.3654677179353852e-003  2.9498671805453576e+000  2.7965778165414790e-002  2.9465710911146914e+001  5.5636081898721201e-001  7.5952210503224027e-001  3.9452153216731033e-003  2.1328053946305974e+000  0.0000000000000000e+000  1.9505748378950769e-001  9.6524035301963185e-001
  1.0079925927778002e+000  3.1542314631618842e-002  6.2600174492741083e+001  6.1806862919783134e-001  2.2777981665833967e-002  1.1283111283921002e-003  2.4627071310793145e+000  2.7354581117930321e-002  2.4629684551682431e+001  5.4403744072461890e-001  7.5807266826137509e-001  3.2337658407500282e-003  2.1514193378290218e+000  0.0000000000000000e+000  2.7656413724360812e-001  3.1949030748957523e+000
  1.1720786825756313e+000  2.3565753708175551e-002  2.5481984608359305e+001  4.6122931779335374e-001  2.3942385622084544e-002  1.4655237589049734e-003  3.4034482011704998e+000  2.8270708506194175e-002  3.3985672374402370e+001  5.6251177622366022e-001  7.6087005916135664e-001  4.6070930675642871e-003  2.1373735260506117e+000  0.0000000000000000e+000  1.8892200404273116e-001  8.0978355826215953e-001
  9.8942083064155284e-001  3.2485073997209950e-002  8.1646474740259521e+001  6.3682079087144905e-001  2.2471566143160444e-002  1.0912321330862871e-003  2.3789446181066225e+000  2.7261399585078339e-002  2.3794243971591300e+001  5.4215929399021512e-001  7.5782317201144278e-001  3.1112669273128252e-003  2.1522024306628236e+000  0.0000000000000000e+000  2.8838436776846554e-001  5.7513426027822581e+000
  1.0048994353729694e+000  3.2597763635670324e-002  6.7925749678629018e+001  6.3880062308827634e-001  2.2886069082121520e-002  1.1103536262004816e-003  2.3776097785188739e+000  2.7299173128233267e-002  2.3780818775643013e+001  5.4292062878863057e-001  7.5781952776325490e-001  3.1093100393569835e-003  2.1492619511660283e+000  0.0000000000000000e+000  2.7585263928668435e-001  3.5674374386210905e+000
  1.0383248244624961e+000  2.9878681032062995e-002  4.7003648425711695e+001  5.8511421031057875e-001  2.3205019514609574e-002  1.1917165381254073e-003  2.6116780518553444e+000  2.7524493162885300e-002  2.6113911689385617e+001  5.4746258952700977e-001  7.5851645129994061e-001  3.4515801299931058e-003  2.1494093127539542e+000  0.0000000000000000e+000  2.5607714652902525e-001  1.8743923369677775e+000
  1.2189630508102633e+000  2.2139306944229310e-002  2.2815262417884163e+001  4.3344329761368983e-001  2.4007712078279356e-002  1.5524898892364035e-003  3.7220585450183812e+000  2.8511903372169023e-002  3.7115551288134746e+001  5.6737837406055469e-001  7.6180487884187098e-001  5.0678043949584778e-003  2.1359931582418636e+000  0.0000000000000000e+000  1.7190413299841995e-001  7.0383635364106389e-001
  1.0318374243223196e+000  2.9469997111437538e-002  4.7928604576473717e+001  5.7719150410923337e-001  2.2945472155957779e-002  1.1882229882434591e-003  2.6523392825240730e+000  2.7523998039033160e-002  2.6520239244456064e+001  5.4745260781742822e-001  7.5863724339583194e-001  3.5110645279196398e-003  2.1523877349433409e+000  0.0000000000000000e+000  2.6402367336125887e-001  2.0262926160779302e+000
  1.0463789134887989e+000  2.9607178821644563e-002  4.4611116394367983e+001  5.7972016406774063e-001  2.3343147655220210e-002  1.2064302337875541e-003  2.6356988202170566e+000  2.7562783376942290e-002  2.6352730711388574e+001  5.4823453579522585e-001  7.5858809274793593e-001  3.4866800461269103e-003  2.1481110678176818e+000  0.0000000000000000e+000  2.4966372232527409e-001  1.7025417447544162e+000
  9.8826671392469179e-001  3.2894913428018986e-002  8.5039103862533864e+001  6.4487451152506126e-001  2.2509716340119786e-002  1.0844280572622821e-003  2.3469354884668938e+000  2.7240897189719115e-002  2.3474834801599741e+001  5.4174607502815419e-001  7.5772796037116175e-001  3.0644515796105012e-003  2.1513373953298607e+000  0.0000000000000000e+000  2.8810465502061455e-001  6.1731795599496140e+000
  1.0480289622613264e+000  2.9175267914231234e-002  4.3475883860364071e+001  5.7125859757171882e-001  2.3276958861483975e-002  1.2144911990962090e-003  2.6785903529728206e+000  2.7589273517644619e-002  2.6780529165130702e+001  5.4876860462599097e-001  7.5871570888822137e-001  3.5494008548359879e-003  2.1491261653072153e+000  0.0000000000000000e+000  2.5037081431595948e-001  1.6635222205287090e+000
  1.0899353727267582e+000  2.9463252428315708e-002  3.7957662691287254e+001  5.7655967020337162e-001  2.4389370609410023e-002  1.2683857775634844e-003  2.6094985971437108e+000  2.7691559887207617e-002  2.6081103492374837e+001  5.5083093360397584e-001  7.5851083507256123e-001  3.4479699519547151e-003  2.1332302188674634e+000  0.0000000000000000e+000  2.0590897642866371e-001  1.2067174810886752e+000
  1.1863785091624537e+000  2.3936788544813965e-002  2.5440485621932233e+001  4.6846708047442170e-001  2.4357667027554750e-002  1.4805944056571713e-003  3.3169170635964988e+000  2.8272356061303405e-002  3.3083423528807465e+001  5.6254501513306465e-001  7.6059928463667237e-001  4.4769862223107623e-003  2.1287393657212808e+000  0.0000000000000000e+000  1.7451322319337845e-001  7.8191927720865984e-001
  1.0138923017170351e+000  3.1808122622589169e-002  6.0209167610095825e+001  6.2319231477642301e-001  2.2980484058686579e-002  1.1328068158148593e-003  2.4420797210459710e+000  2.7360115876799762e-002  2.4423552765084992e+001  5.4414900348198003e-001  7.5801145757379684e-001  3.2035920438737604e-003  2.1495098261270438e+000  0.0000000000000000e+000  2.7061816105597924e-001  2.8463340664808423e+000
  1.2320155195381080e+000  2.2821891497431201e-002  2.3207605552785921e+001  4.4678231828084530e-001  2.4548507736737359e-002  1.5613476476634045e-003  3.5507304489390261e+000  2.8474551537271520e-002  3.5314734527254593e+001  5.6662464999756068e-001  7.6126450890260033e-001  4.8117024038716698e-003  2.1243966022150556e+000  0.0000000000000000e+000  1.5441710525030811e-001  6.9203276627741228e-001
  1.2442555678933369e+000  2.1886997714230139e-002  2.2106210983295696e+001  4.2855873054782989e-001  2.4242158844147738e-002  1.5923029233782815e-003  3.7961061358846813e+000  2.8599201792920415e-002  3.7786012850759640e+001  5.6914007888381768e-001  7.6200468470701754e-001  5.1712755522246023e-003  2.1314839963541345e+000  0.0000000000000000e+000  1.5696108500451073e-001  6.6360184407117317e-001
  1.0593277355719164e+000  2.9182314520943678e-002  4.1426759985522700e+001  5.7129447839124725e-001  2.3558520367470304e-002  1.2300035720553240e-003  2.6724288789624193e+000  2.7623333192845045e-002  2.6717336639388975e+001  5.4945530338847881e-001  7.5869763738224183e-001  3.5403290589581249e-003  2.1457420438546633e+000  0.0000000000000000e+000  2.3918306849198068e-001  1.4931737227533926e+000
  1.2187714349909777e+000  2.4072783758677749e-002  2.4762307547145323e+001  4.7116106380753109e-001  2.4950374295153465e-002  1.5246539186308393e-003  3.2688850441921176e+000  2.8328672384347442e-002  3.2474905936071941e+001  5.6368121137247584e-001  7.6041453963944394e-001  4.3986275022881646e-003  2.1157147674453869e+000  0.0000000000000000e+000  1.5194388862021105e-001  7.2494588832448481e-001
  1.1536164742346118e+000  2.3533290089720500e-002  2.6116121817192443e+001  4.6061011392669055e-001  2.3599297999901615e-002  1.4397593361140059e-003  3.4216741423307671e+000  2.8227773483513907e-002  3.4180282265688021e+001  5.6164559433769945e-001  7.6092887151558253e-001  4.6352494457222414e-003  2.1442656977489674e+000  0.0000000000000000e+000  2.0366293766131366e-001  8.5837903711128172e-001
  1.2065837861644708e+000  2.2622872016455148e-002  2.3554412494384913e+001  4.4286130851628092e-001  2.4062555383028199e-002  1.5279250540699467e-003  3.6017295794647151e+000  2.8435446415008503e-002  3.5924978248136362e+001  5.6583557561423881e-001  7.6144875952521152e-001  4.8929110256803014e-003  2.1346951506386218e+000  0.0000000000000000e+000  1.7467813558298290e-001  7.3010700999082478e-001
  1.0171389930607218e+000  3.1251391086810194e-002  5.7175502793701142e+001  6.1223927392353916e-001  2.2958121334554493e-002  1.1445342394064105e-003  2.4888430964759056e+000  2.7394926509552109e-002  2.4889920018032541e+001  5.4485068652234503e-001  7.5815060667581990e-001  3.2719803427173691e-003  2.1503367705030518e+000  0.0000000000000000e+000  2.6971350555035101e-001  2.6360534249938556e+000
  1.0378921077975671e+000  2.9723955466724478e-002  4.6807023946584394e+001  5.8209223652751185e-001  2.3157626129574258e-002  1.1931834618514208e-003  2.6267510672919681e+000  2.7530678907537132e-002  2.6264360362023893e+001  5.4758729470356649e-001  7.5856127323761857e-001  3.4736254439798990e-003  2.1500248587321060e+000  0.0000000000000000e+000  2.5724114145284876e-001  1.8801397177307526e+000
  1.0010797460050336e+000  3.2232564569585030e-002  6.9423806266741011e+001  6.3170106936927928e-001  2.2724185493968239e-002  1.1100002527958831e-003  2.4047275232535696e+000  2.7304237539211185e-002  2.4051435475170479e+001  5.4302270533165853e-001  7.5790008721213165e-001  3.1489729906287803e-003  2.1508966341230611e+000  0.0000000000000000e+000  2.8009944887685539e-001  3.8817778435188264e+000
  9.9767887591772608e-001  3.1813502725703650e-002  7.0666930115445055e+001  6.2353633346812853e-001  2.2562995872863797e-002  1.1109063733254843e-003  2.4368145292519383e+000  2.7313024645250206e-002  2.4371667762669972e+001  5.4319981644263038e-001  7.5799544024063470e-001  3.1959030794310485e-003  2.1526160749321637e+000  0.0000000000000000e+000  2.8409325098640575e-001  4.2082851195286661e+000
  9.9619312600288057e-001  3.2887713335863641e-002  7.6064629592514450e+001  6.4462006752507672e-001  2.2708690877977587e-002  1.0949768052622196e-003  2.3521175121363154e+000  2.7262447041032756e-002  2.3526735542763902e+001  5.4218040533816669e-001  7.5774353101398773e-001  3.0720297943385398e-003  2.1500927287499141e+000  0.0000000000000000e+000  2.8210797114189617e-001  4.6160061393680412e+000
  1.1333168979356143e+000  2.5027785785396592e-002  2.8715821813861275e+001  4.8978109425551652e-001  2.3847031308383910e-002  1.3902711377025998e-003  3.1592275875423965e+000  2.8066648826687413e-002  3.1559351242242158e+001  5.5839534775570598e-001  7.6014643099957990e-001  4.2515811456727316e-003  2.1401378032168017e+000  0.0000000000000000e+000  2.0387777115139241e-001  9.3606213395156712e-001
  1.2446412703723531e+000  2.1881432098495031e-002  2.2094663819989719e+001  4.2845077465700054e-001  2.4244617026997060e-002  1.5929359234173764e-003  3.7977955537714720e+000  2.8600722334468420e-002  3.7801837921401820e+001  5.6917076513237319e-001  7.6200940944052220e-001  5.1736804215552941e-003  2.1314417607523994e+000  0.0000000000000000e+000  1.5675529798971297e-001  6.6301030191353427e-001
  1.0018576593526916e+000  3.1976566735876802e-002  6.7972701433806165e+001  6.2667060162888433e-001  2.2698778232217252e-002  1.1143803450939602e-003  2.4254349708177809e+000  2.7317677864613144e-002  2.4257989263653428e+001  5.4329360639331448e-001  7.5796168597774971e-001  3.1792581185942984e-003  2.1514300831699700e+000  0.0000000000000000e+000  2.8026058794893549e-001  3.7657534747768362e+000
  1.2565727898572512e+000  2.1726781604233612e-002  2.1765225842579436e+001  4.2545344373355520e-001  2.4326463290467094e-002  1.6122811983039246e-003  3.8471307245914552e+000  2.8646400778226111e-002  3.8259761841756024e+001  5.7009262895152979e-001  7.6214606290475551e-001  5.2437497789877101e-003  2.1300501725746828e+000  0.0000000000000000e+000  1.5013356418226836e-001  6.4548969677716062e-001
