  2.5778735113685314e+000 -4.3002657206549912e+000 -6.9176971318979419e+000  1.0117074924809315e+000 -4.9862694706366666e+000  1.2851688191486808e+000  1.2568589961475582e+000  6.6646729529269857e+000  4.2528252220512269e-001  6.4501002928441720e-001  1.0000000000000000e+000                      Inf
  2.5677807377562645e+000 -4.3530669756998579e+000 -6.4911421867195278e+000  2.4862667796813849e+000 -4.9470366679006794e+000  2.6412169639869716e+000  9.8724479378885910e-001  3.4544092721177848e+000  6.4029784781917731e-001  6.3593020647640648e+000  1.0000000000000000e+000                      Inf
  2.5778674052818484e+000 -4.3002674543184547e+000 -6.9176902488995422e+000  1.0117096278973223e+000 -4.9862683262678518e+000  1.2851713250554475e+000  1.2568583882235569e+000  6.6646492128437576e+000  4.2528240499936354e-001  6.4501082704343571e-001  1.0000000000000000e+000                      Inf
  2.5646818017489053e+000 -4.3499360266496812e+000 -6.5351541164717633e+000  2.4373169963183283e+000 -4.9402612847083214e+000  2.5803823846447274e+000  9.9097981757979836e-001  3.5020227527122567e+000  6.4881349912827968e-001  5.6032832006933520e+000  1.0000000000000000e+000                      Inf
  2.5735710063175627e+000 -4.3014257781782019e+000 -6.8708521971552399e+000  1.0920026558276776e+000 -4.9814350427366634e+000  1.3321919272044911e+000  1.2285345344120477e+000  6.2411310348258162e+000  4.4091639642630015e-001  6.9367183965661561e-001  1.0000000000000000e+000  2.5142201237544204e-001
  2.4243059834634568e+000 -4.2050687353086351e+000 -6.8145742387522397e+000  1.1747556779729953e+000 -5.0000000000000000e+000  1.3862469626255967e+000  1.2001436586611991e+000  5.8589788078272482e+000  4.5746134010626499e-001  7.4961467214440469e-001  1.0000000000000000e+000  2.3063947024099415e-001
  2.4929069116378719e+000 -4.5751610773036742e+000 -7.0813310008355295e+000  1.5105060774347614e+000 -4.2999071582629957e+000  1.6976742719693736e+000  1.1048166809742481e+000  4.5056099651762214e+000  5.0358766164374758e-001  1.0692031987572055e+000  1.0000000000000000e+000  2.2680375911768108e-001
  2.7592998319086681e+000 -4.4747706840865220e+000 -6.9220483583534866e+000  1.2028544655497377e+000 -4.5858221644088140e+000  1.4303189712641475e+000  1.1922196223503547e+000  5.5663059195412945e+000  4.5168229294237100e-001  7.6154613069753507e-001  1.0000000000000000e+000  2.2058721138735307e-001
  2.7182515395685396e+000 -4.3816407630539320e+000 -6.8652423716403419e+000  1.4494347088255095e+000 -4.5887591090329662e+000  1.6430540804241101e+000  1.1197246916575991e+000  4.6626556888196902e+000  4.9192663188473446e-001  9.9160270924561467e-001  1.0000000000000000e+000  1.9812235801832104e-001
  2.5535068259787019e+000 -4.3544015973323775e+000 -6.5360549250895126e+000  2.4269244655873914e+000 -4.9374836410026530e+000  2.5728831724431545e+000  9.9122598873735968e-001  3.4986610261051982e+000  6.4543805398591692e-001  5.4941764906477264e+000  1.0000000000000000e+000  1.9674017933731749e-001
  2.4049935600404195e+000 -4.2945386578661386e+000 -6.9562258970690607e+000  1.6904861970150284e+000 -4.9277579705213750e+000  1.8467676363680785e+000  1.0685978686245621e+000  4.2129690378082767e+000  5.4890380794402938e-001  1.3661732952676295e+000  1.0000000000000000e+000  1.9290883163196978e-001
  2.5061418704588161e+000 -4.5635472403942616e+000 -7.0511615310432916e+000  1.5265836096078453e+000 -4.3732612922559282e+000  1.6885938159078415e+000  1.1012343470055161e+000  4.5924949777181130e+000  5.1958109773498251e-001  1.0954821713978784e+000  1.0000000000000000e+000  1.7830298374515635e-001
  2.5104005916167935e+000 -4.5265054334999446e+000 -7.0385584889679542e+000  1.5497906555486261e+000 -4.3635611022481786e+000  1.6823290113552123e+000  1.0965567395416955e+000  4.6865096143004275e+000  5.3983460594102739e-001  1.1342358914675481e+000  1.0000000000000000e+000  1.7712534572665525e-001
  2.4022863649441839e+000 -4.2933417832644185e+000 -6.9499052418428686e+000  1.6211503698295373e+000 -4.8651938819599332e+000  1.7815734850054408e+000  1.0814382838341345e+000  4.3478735470759728e+000  5.3520837365952556e-001  1.2389150762751087e+000  1.0000000000000000e+000  1.7681775205115921e-001
  2.6795732489908266e+000 -4.4304360692388052e+000 -6.8740788554534946e+000  1.3498144669217023e+000 -4.6031323065908731e+000  1.5475754605143039e+000  1.1464597671941643e+000  5.0162008638876330e+000  4.7805647919856259e-001  8.8689057385640713e-001  1.0000000000000000e+000  1.7390173955667482e-001
  2.5566929405836243e+000 -4.2352406556450015e+000 -6.4469872946746918e+000  2.3517074011914008e+000 -4.9004131131118376e+000  2.5082084256126023e+000  9.9453375808073541e-001  3.5034513616299949e+000  6.3068732835804464e-001  4.7103612934416441e+000  1.0000000000000000e+000  1.7371072411807187e-001
  2.3991132017325807e+000 -4.2935262050277210e+000 -6.9493977660136137e+000  1.6482934647496426e+000 -4.8824582191772326e+000  1.7852746803810828e+000  1.0770649989891459e+000  4.4003936505571266e+000  5.5352596462477055e-001  1.2871226164531575e+000  1.0000000000000000e+000  1.7134490122000814e-001
  2.6270506319816342e+000 -4.1926413889216967e+000 -6.4690651765015961e+000  2.0064459357640443e+000 -4.7285710911994894e+000  2.1556329628552389e+000  1.0242841437960923e+000  3.7694685946023272e+000  6.0205270713584202e-001  2.3092507404511862e+000  1.0000000000000000e+000  1.6318554127077839e-001
  2.6998927408298568e+000 -4.4165634009203485e+000 -6.8759051181525184e+000  1.3901152355649899e+000 -4.5727231784347344e+000  1.5904416742649894e+000  1.1353877524399889e+000  4.8375594152154813e+000  4.8124612756699153e-001  9.2522917765399304e-001  1.0000000000000000e+000  1.6276057095069282e-001
  2.6999297774345656e+000 -3.8339125100221927e+000 -6.8984730398336147e+000  1.7683101511548573e+000 -4.9509093034048046e+000  1.8780921713957461e+000  1.0585900555638670e+000  4.2766023373564241e+000  5.9175065485427680e-001  1.5265418227392815e+000  1.0000000000000000e+000  1.6013229993040762e-001
  2.7377937784801980e+000 -4.4692844031054770e+000 -6.8828456070440662e+000  1.2874751866678056e+000 -4.5365051954809505e+000  1.4823866634873080e+000  1.1644321328306546e+000  5.3233772218472675e+000  4.7341534525930196e-001  8.3428382847384097e-001  1.0000000000000000e+000  1.5135603932482156e-001
  2.6838826987913076e+000 -4.4441077905944164e+000 -6.8826229841542297e+000  1.4106953972189280e+000 -4.5963049472797852e+000  1.5502447115501354e+000  1.1287793116721934e+000  5.1266938369774611e+000  5.1567930220714120e-001  9.6524035301963185e-001  1.0000000000000000e+000  1.5016461275922668e-001
  2.6268595401903361e+000 -4.2182118846815380e+000 -6.4832652230949330e+000  2.1705660073683846e+000 -4.7301297466910190e+000  2.3238105900985158e+000  1.0079925927778002e+000  3.6157978036001186e+000  6.1806862919783134e-001  3.1949030748957523e+000  1.0000000000000000e+000  1.4941374833780055e-001
  2.7385321698188791e+000 -4.4866946013907167e+000 -6.9023673764289128e+000  1.2654921268135775e+000 -4.5440954542166132e+000  1.4818878061808278e+000  1.1720786825756313e+000  5.2931896687577797e+000  4.6122931779335374e-001  8.0978355826215953e-001  1.0000000000000000e+000  1.4475403611800494e-001
  2.5655356611574667e+000 -4.3483299417606904e+000 -6.5363808840126296e+000  2.4415040982901095e+000 -4.9330930769281842e+000  2.5975329186305585e+000  9.8942083064155284e-001  3.4675943350815310e+000  6.3682079087144905e-001  5.7513426027822581e+000  1.0000000000000000e+000  1.4382577229138710e-001
  2.6044550434130915e+000 -4.2405909188313933e+000 -6.4559980950991473e+000  2.2321751961001306e+000 -4.8469817756324298e+000  2.3684430448845339e+000  1.0048994353729694e+000  3.6251239161091866e+000  6.3880062308827634e-001  3.5674374386210905e+000  1.0000000000000000e+000  1.4338435619497819e-001
  2.6710340333475364e+000 -4.2528303041364657e+000 -6.4969733826432110e+000  1.8901161748837512e+000 -4.8772869486057360e+000  2.0398326306515235e+000  1.0383248244624961e+000  3.9050731920220545e+000  5.8511421031057875e-001  1.8743923369677775e+000  1.0000000000000000e+000  1.3899423177896872e-001
  2.4547250341884701e+000 -4.2004308238510628e+000 -6.8902342160116250e+000  1.1272635900783350e+000 -5.0000000000000000e+000  1.3878514712442231e+000  1.2189630508102633e+000  5.8171957972016388e+000  4.3344329761368983e-001  7.0383635364106389e-001  1.0000000000000000e+000  1.3601772196425460e-001
  2.6701639276334106e+000 -4.2843915671478863e+000 -6.5109355361292724e+000  1.9284654825168368e+000 -4.8802399048792946e+000  2.0970387971003985e+000  1.0318374243223196e+000  3.7875391523385020e+000  5.7719150410923337e-001  2.0262926160779302e+000  1.0000000000000000e+000  1.3280947816146121e-001
  2.6806389498023604e+000 -3.8481914935413690e+000 -6.8120873611374781e+000  1.8340784149299043e+000 -4.8713771525235776e+000  1.9789099506057544e+000  1.0463789134887989e+000  4.0053876898348539e+000  5.7972016406774063e-001  1.7025417447544162e+000  1.0000000000000000e+000  1.3184218120198871e-001
  2.5667781775093359e+000 -4.3543056595991461e+000 -6.4985013240505554e+000  2.4764042531924715e+000 -4.9377742566323430e+000  2.6259987047010735e+000  9.8826671392469179e-001  3.4709609253916693e+000  6.4487451152506126e-001  6.1731795599496140e+000  1.0000000000000000e+000  1.2780040383045368e-001
  2.6804639054491020e+000 -3.8570053704957239e+000 -6.8213681046061767e+000  1.8181325447427847e+000 -4.8661845431216992e+000  1.9717419670293141e+000  1.0480289622613264e+000  3.9940757581194504e+000  5.7125859757171882e-001  1.6635222205287090e+000  1.0000000000000000e+000  1.2395983762901971e-001
  2.4998591935920924e+000 -4.5651638350173327e+000 -7.0587980446684204e+000  1.5898164378506690e+000 -4.3841234037430556e+000  1.6725245631805707e+000  1.0899353727267582e+000  4.8565148413840316e+000  5.7655967020337162e-001  1.2067174810886752e+000  1.0000000000000000e+000  1.2175100378916769e-001
  2.7429235871257225e+000 -4.4980253001533441e+000 -6.9080343800517383e+000  1.2154699384378567e+000 -4.5455764216450696e+000  1.4091689281754263e+000  1.1863785091624537e+000  5.7302248030333951e+000  4.6846708047442170e-001  7.8191927720865984e-001  1.0000000000000000e+000  1.2011290071235103e-001
  2.6316446763852546e+000 -4.2151371884344915e+000 -6.5036258034470951e+000  2.1188401597320370e+000 -4.6017777590178612e+000  2.2591479733653603e+000  1.0138923017170351e+000  3.6952434976939448e+000  6.2319231477642301e-001  2.8463340664808423e+000  1.0000000000000000e+000  1.1947887832119455e-001
  2.5741826457041133e+000 -4.3051014490274220e+000 -6.8739974203361109e+000  1.0775777886857276e+000 -4.9843168881478865e+000  1.3036078882472673e+000  1.2320155195381080e+000  6.4759664959332914e+000  4.4678231828084530e-001  6.9203276627741228e-001  1.0000000000000000e+000  1.1854032412732705e-001
  2.5815036223097598e+000 -4.3010634376614636e+000 -6.9185794413411514e+000  1.0500911256662133e+000 -4.9791684856485627e+000  1.3170121021747967e+000  1.2442555678933369e+000  6.3710059087019060e+000  4.2855873054782989e-001  6.6360184407117317e-001  1.0000000000000000e+000  1.1730415261934542e-001
  2.6927946090581192e+000 -3.8339879870630207e+000 -6.9053692304137817e+000  1.7518424985021921e+000 -4.9498361139188356e+000  1.8887172162076016e+000  1.0593277355719164e+000  4.1808979469361063e+000  5.7129447839124725e-001  1.4931737227533926e+000  1.0000000000000000e+000  1.1683097592698688e-001
  2.5737831638818842e+000 -4.3034498080680290e+000 -6.8788569870596596e+000  1.1122819925480303e+000 -4.9907878785520206e+000  1.2902132572091172e+000  1.2187714349909777e+000  6.5813769088109506e+000  4.7116106380753109e-001  7.2494588832448481e-001  1.0000000000000000e+000  1.1542891298910708e-001
  2.6820156121832652e+000 -4.4463070377873146e+000 -6.8746881775991548e+000  1.3291997939700388e+000 -4.5651315083258730e+000  1.5589126999795357e+000  1.1536164742346118e+000  4.9100735336685304e+000  4.6061011392669055e-001  8.5837903711128172e-001  1.0000000000000000e+000  1.1007731775294201e-001
  2.4616964768844425e+000 -4.1999653048415624e+000 -6.8861714024793503e+000  1.1610065242451078e+000 -4.9780128904471654e+000  1.4030597366494129e+000  1.2065837861644708e+000  5.7248149384153360e+000  4.4286130851628092e-001  7.3010700999082478e-001  1.0000000000000000e+000  1.0802654049134529e-001
  2.6306062181962750e+000 -4.1996546855186860e+000 -6.4826741232106215e+000  2.0765869042262963e+000 -4.7190763966866491e+000  2.2241843060161992e+000  1.0171389930607218e+000  3.7076378431977211e+000  6.1223927392353916e-001  2.6360534249938556e+000  1.0000000000000000e+000  1.0600953975333857e-001
  2.6712155856470510e+000 -4.2509043603727683e+000 -6.5023875425669457e+000  1.8906781011178164e+000 -4.8812146974352819e+000  2.0448129128869570e+000  1.0378921077975671e+000  3.8874030582829451e+000  5.8209223652751185e-001  1.8801397177307526e+000  1.0000000000000000e+000  1.0466962499207887e-001
  2.5710132967397694e+000 -4.2810954530066372e+000 -6.5549349565223913e+000  2.2666680907055268e+000 -4.9371471219837773e+000  2.4146282071665084e+000  1.0010797460050336e+000  3.5701605412285051e+000  6.3170106936927928e-001  3.8817778435188264e+000  1.0000000000000000e+000  1.0092617341874809e-001
  2.5689873305458444e+000 -4.2683101148261704e+000 -6.5102725389814049e+000  2.2980628506571019e+000 -4.9469979156438217e+000  2.4581321633465998e+000  9.9767887591772608e-001  3.5199709832172372e+000  6.2353633346812853e-001  4.2082851195286661e+000  1.0000000000000000e+000  9.8709323196951429e-002
  2.5547029569783408e+000 -4.2297025812891302e+000 -6.4604337318106024e+000  2.3507403382879950e+000 -4.9135640206293578e+000  2.4919328938384386e+000  9.9619312600288057e-001  3.5447420927252518e+000  6.4462006752507672e-001  4.6160061393680412e+000  1.0000000000000000e+000  9.8085054465445631e-002
  2.6844324809262767e+000 -4.4332120173527789e+000 -6.9029968726864244e+000  1.3963547107664092e+000 -4.5848199162488283e+000  1.5812235508073829e+000  1.1333168979356143e+000  4.9048996089791244e+000  4.8978109425551652e-001  9.3606213395156712e-001  1.0000000000000000e+000  9.5977101715062463e-002
  2.5816310084378462e+000 -4.3010147685979740e+000 -6.9185777275044948e+000  1.0489294630587391e+000 -4.9790044896843497e+000  1.3160563884741725e+000  1.2446412703723531e+000  6.3793697107808427e+000  4.2845077465700054e-001  6.6301030191353427e-001  1.0000000000000000e+000  9.5441525299275840e-002
  2.6273255918798690e+000 -4.2158496036487580e+000 -6.4969513764281110e+000  2.2502406704371971e+000 -4.7340545979270523e+000  2.4022980650011068e+000  1.0018576593526916e+000  3.5681078360622140e+000  6.2667060162888433e-001  3.7657534747768362e+000  1.0000000000000000e+000  9.3721631996478968e-002
  2.5771729775593619e+000 -4.2995550806459981e+000 -6.9177481580832483e+000  1.0124938959130796e+000 -4.9858731843027009e+000  1.2855499987652692e+000  1.2565727898572512e+000  6.6607357618311029e+000  4.2545344373355520e-001  6.4548969677716062e-001  1.0000000000000000e+000  8.8576287847225654e-002
