  1.4998118594597825e+000  3.1047592173344477e-002  2.8580655080311441e+001  6.0646552116345387e-001  3.1748065220509304e-002  1.8283686220066792e-003  2.1257782401115630e+000  2.8148443805691370e-002  2.1471022970522959e+001  5.6004527272563998e-001  7.5566149027308771e-001  2.6935108365668640e-003  2.2602939302327023e+000  7.7017133269664606e-001  3.5559565650797445e-002  3.0595529329770565e-001
  1.9889946005087800e+000  2.1154383711670780e-002  2.2881128602491604e+001  4.1451217581342120e-001  2.8151023744653537e-002  2.7621164721914242e-003  1.4621392217389509e+001  3.3441092952792184e-002  1.4560797055630485e+002  6.6708483243995964e-001  7.9307043420365531e-001  2.0969012105671370e-002  2.2944937375297632e+000  2.1738590565795057e+000  9.3301383626501519e-002  8.2593764560888570e+000
  1.5119922428578703e+000  5.9260024748237203e-002  6.7279996558719560e+001  1.1540290274104630e+000  3.8593213644204948e-002  1.4643001030344486e-003  8.3865449510811629e-001  2.7215476997675347e-002  9.1780700511250277e+000  5.4123375096073900e-001  7.5277970639800262e-001  8.2734820277937521e-004  2.2547384816973417e+000  1.5402902741046298e-001  1.6063019037027212e-001  2.0243014285324337e-001
  1.4563765482500404e+000  4.5802515727981670e-002  4.7671322863874899e+001  8.9076556462958723e-001  3.5830138203673423e-002  1.5716650903497100e-003  1.1261505040857624e+000  2.7516336349279857e-002  1.1926438059692877e+001  5.4729814856817960e-001  7.5344203460054826e-001  1.2423115723836503e-003  2.2911296092819784e+000  0.0000000000000000e+000  1.5000000060407298e-001  2.5275258846082010e-001
  1.5048458210893736e+000  5.1416767811913844e-002  5.3571740865379837e+001  9.9991345354018812e-001  3.7586352355471371e-002  1.5736367853833077e-003  1.0356909451825018e+000  2.7470376753158554e-002  1.1077724149937019e+001  5.4637162978277587e-001  7.5323139221831414e-001  1.1109692995423422e-003  2.2788280104557952e+000  0.0000000000000000e+000  1.5001166546357311e-001  1.6879562525620045e-001
  1.5135489324690079e+000  3.1803599195304844e-002  2.9088074595326709e+001  6.2106260182774287e-001  3.2183841387047614e-002  1.8404656492630204e-003  2.1008392757205421e+000  2.8158052619758012e-002  2.1243565550493326e+001  5.6023910524682918e-001  7.5559881008839880e-001  2.6567583572950325e-003  2.2580931989852568e+000  6.6358288607870997e-001  5.0462567088193501e-002  2.4689690657047184e-001
  1.5045781015711499e+000  3.1299461031110164e-002  2.8749811696682919e+001  6.1133100445651845e-001  3.1894616007754700e-002  1.8327001364970405e-003  2.1179264152680055e+000  2.8152369205553640e-002  2.1399933659689694e+001  5.6012445711236047e-001  7.5564191048253460e-001  2.6819143357708179e-003  2.2595575127373473e+000  7.2545306237239293e-001  4.1182040644141070e-002  2.8093640216732840e-001
  1.4967758307010335e+000  3.1060907170483338e-002  2.8636991298742092e+001  6.0671142495977937e-001  3.1731393389708304e-002  1.8234004123312978e-003  2.1118410971869626e+000  2.8138729586364430e-002  2.1336258374011667e+001  5.5984931577229702e-001  7.5562771524001693e-001  2.6732759448181743e-003  2.2597941020112504e+000  7.4715979403013943e-001  3.8336095823874844e-002  3.2091566400690841e-001
  1.6828253148626462e+000  3.9048970218578810e-002  3.5679547463082116e+001  7.6537867746867783e-001  3.7563680296955407e-002  1.9853214197136627e-003  7.8609501994163367e-001  2.7777556423468797e-002  8.6668570258695539e+000  5.5256498083528527e-001  7.5217598447482348e-001  1.1384182457864819e-003  2.4368146979649445e+000  7.5896812443349138e-001  3.6154781334976294e-002  2.5059249976282216e-001
  1.4603553514538918e+000  4.0739279742285042e-002  4.0460564663316617e+001  7.9270420698965627e-001  3.4741184141454849e-002  1.6448406976569791e-003  1.3329067201810716e+000  2.7691654007238498e-002  1.3902841862950920e+001  5.5083283137527417e-001  7.5389863395793044e-001  1.5415137417015522e-003  2.3096205632285995e+000  8.4182450877104409e-002  1.3737263236843433e-001  2.7531067398764131e-001
  1.5045503295844891e+000  5.1420860672394854e-002  5.3595730917764961e+001  9.9999661713834354e-001  3.7581650093143092e-002  1.5730831521179177e-003  1.0350835093808630e+000  2.7469417561386988e-002  1.1071789840046767e+001  5.4635229347481129e-001  7.5323003165759383e-001  1.1100987344235293e-003  2.2787741946284710e+000  0.0000000000000000e+000  1.5007126689634365e-001  1.6909860838813126e-001
  1.4589498455841230e+000  4.3278124045321387e-002  4.3923379508743423e+001  8.4177100660974558e-001  3.5341434029801423e-002  1.6097882825059757e-003  1.2237998420745164e+000  2.7605957304909445e-002  1.2861335013590784e+001  5.4910497422257265e-001  7.5366008153496944e-001  1.3835050803363697e-003  2.3004434376797129e+000  3.7935663172101175e-002  1.4430965052418482e-001  2.5470010470960924e-001
  1.4586382100695707e+000  4.2135345464633718e-002  4.2375367189639420e+001  8.1966316156614039e-001  3.5070115658869909e-002  1.6241613989273391e-003  1.2689274462442306e+000  2.7641902199030399e-002  1.3291965871828836e+001  5.4982969451291730e-001  7.5375939823321847e-001  1.4488469231738639e-003  2.3044820670566737e+000  5.5956937000036566e-002  1.4160645944999450e-001  2.6552272913661612e-001
  1.4604274174985055e+000  4.0786124684935067e-002  4.0519048247026262e+001  7.9360805316731209e-001  3.4754372109902017e-002  1.6443608101566135e-003  1.3309592540164097e+000  2.7690322048777638e-002  1.3884340493410665e+001  5.5080597470098880e-001  7.5389442485533309e-001  1.5386906892065309e-003  2.3094628083516962e+000  8.3327814504086328e-002  1.3750082782438705e-001  2.7439502018241035e-001
  1.4613529159455128e+000  4.4294021208142416e-002  4.5236368526394820e+001  8.6144989670907557e-001  3.5598445451759879e-002  1.6003342544703455e-003  1.1903304498404399e+000  2.7580187760556152e-002  1.2542737383078100e+001  5.4858542474737426e-001  7.5358564048296350e-001  1.3350262367187241e-003  2.2971621943353657e+000  2.6320698663701236e-002  1.4605189520044481e-001  2.4113581652517238e-001
  1.4604196018996269e+000  4.5117312608768848e-002  4.6459863295904306e+001  8.7743055022002014e-001  3.5755968189983361e-002  1.5877504020528480e-003  1.1584085593508302e+000  2.7550737570648742e-002  1.2237064475679642e+001  5.4799168434626822e-001  7.5351432113815642e-001  1.2888824882388954e-003  2.2941193459249645e+000  1.4028123217951549e-002  1.4789578151730726e-001  2.4088225737526944e-001
  1.4556533429474368e+000  4.4989894632152749e-002  4.6508655317172114e+001  8.7497809405898863e-001  3.5659422822714865e-002  1.5815189296494450e-003  1.1532054765719728e+000  2.7540832692253492e-002  1.2185051932517116e+001  5.4779199755741814e-001  7.5350298461332121e-001  1.2814389125916648e-003  2.2939029789399128e+000  9.4910150628737533e-003  1.4857634774056894e-001  2.5746919335731638e-001
  1.4870316008288342e+000  5.0446448203181560e-002  5.3112575222857096e+001  9.8111091571645859e-001  3.7126155090272242e-002  1.5577350655885463e-003  1.0339833525108677e+000  2.7451418678802852e-002  1.1054935824522989e+001  5.4598945807927990e-001  7.5322935149999914e-001  1.1087668769940613e-003  2.2795322501521165e+000  0.0000000000000000e+000  1.5190677894863810e-001  1.8866039104010426e-001
  1.4876282282017770e+000  5.1097950475094044e-002  5.4131001588146368e+001  9.9385214722345783e-001  3.7232871838626044e-002  1.5492396614026692e-003  1.0156554048118256e+000  2.7430988708885939e-002  1.0878818438755022e+001  5.4557762264691867e-001  7.5318725969353273e-001  1.0823289240884798e-003  2.2774499590248021e+000  0.0000000000000000e+000  1.5278531874504994e-001  1.8947695052791372e-001
  1.4558133390575687e+000  4.5212630566962869e-002  4.6826900163861666e+001  8.7930359714096540e-001  3.5706438009147613e-002  1.5787697449480213e-003  1.1456206482438862e+000  2.7533982934005996e-002  1.2112574520849186e+001  5.4765390448621964e-001  7.5348593298405797e-001  1.2704634000751565e-003  2.2931356739232704e+000  6.7862214102379914e-003  1.4898206678846429e-001  2.5614517526994118e-001
  1.4800646432113307e+000  4.8991346859016939e-002  5.1227344026973860e+001  9.5273412818229974e-001  3.6777380381881712e-002  1.5669066191186212e-003  1.0663006092929344e+000  2.7479941439599642e-002  1.1362771287383467e+001  5.4656444489569722e-001  7.5330398701878509e-001  1.1554987542452162e-003  2.2834440640993137e+000  0.0000000000000000e+000  1.5095562322056938e-001  1.9681815658458193e-001
  1.4960698585850452e+000  5.0780308488308799e-002  5.3090834273793980e+001  9.8755304750905137e-001  3.7334768955718273e-002  1.5681480959410536e-003  1.0397620291390446e+000  2.7466585545930622e-002  1.1113801659546123e+001  5.4629520309558188e-001  7.5324163485003781e-001  1.1169650445710839e-003  2.2797036106017035e+000  0.0000000000000000e+000  1.5069535457847980e-001  1.7722911057147064e-001
  1.4735952790908475e+000  4.8880946092958989e-002  5.1431157150559919e+001  9.5063412905995692e-001  3.6650638008006213e-002  1.5576009176204945e-003  1.0580785811181848e+000  2.7464889641877210e-002  1.1281222087615925e+001  5.4626101557305873e-001  7.5328583461167564e-001  1.1437320524487378e-003  2.2829107083318045e+000  0.0000000000000000e+000  1.5199282191060864e-001  2.0831239146573421e-001
  1.4556308542022200e+000  4.4926689108255008e-002  4.6418185951748065e+001  8.7375058344253342e-001  3.5646431696828434e-002  1.5823324470066549e-003  1.1553891833246510e+000  2.7542813074957984e-002  1.2205915680427736e+001  5.4783192280659954e-001  7.5350789014541963e-001  1.2845991305415333e-003  2.2941222588694563e+000  1.0276280256565906e-002  1.4845855796151511e-001  2.5784943269463989e-001
  1.4571217992447785e+000  4.6403054113851615e-002  4.8533466656984722e+001  9.0244462997332653e-001  3.5954528829979113e-002  1.5646484220086000e-003  1.1071930735321285e+000  2.7498743586569230e-002  1.1745258527916526e+001  5.4694348378611046e-001  7.5339910974757018e-001  1.2149085419016492e-003  2.2891252721484716e+000  0.0000000000000000e+000  1.5095691458203045e-001  2.4940644534425041e-001
  1.4998430982952728e+000  5.1197040450173405e-002  5.3524609696958478e+001  9.9567039877114127e-001  3.7464305341404762e-002  1.5684397190373906e-003  1.0337862612591149e+000  2.7463535770733571e-002  1.1057718555355317e+001  5.4623372309065665e-001  7.5322755040064526e-001  1.1082972867047965e-003  2.2788565637965501e+000  0.0000000000000000e+000  1.5060929937688802e-001  1.7364982704944928e-001
  1.4565882354622741e+000  4.5996052802580220e-002  4.7949168532463659e+001  8.9452853395340315e-001  3.5870279386720737e-002  1.5693652245337003e-003  1.1199387676713801e+000  2.7510543291631384e-002  1.1867120099793743e+001  5.4718136160529518e-001  7.5342798592258020e-001  1.2333373205045788e-003  2.2904775097147407e+000  0.0000000000000000e+000  1.5031762744443827e-001  2.5167801652111677e-001
  1.4577211861392982e+000  4.6199904337344534e-002  4.8195333712192266e+001  8.9848759520972954e-001  3.5926099967806692e-002  1.5684647531154128e-003  1.1152431187771654e+000  2.7507114532807853e-002  1.1822720065522619e+001  5.4711223877641579e-001  7.5341729887577347e-001  1.2265393551781079e-003  2.2899219127563240e+000  0.0000000000000000e+000  1.5047074971159854e-001  2.4749556467455242e-001
  1.4651395158602161e+000  4.9271406983421452e-002  5.2564656627404062e+001  9.5833610529028235e-001  3.6570414788369462e-002  1.5376306422456708e-003  1.0305783223378331e+000  2.7426737235479504e-002  1.1013770186642507e+001  5.4549192079002573e-001  7.5322376955269432e-001  1.1041823069809255e-003  2.2803575863978236e+000  0.0000000000000000e+000  1.5425764659329649e-001  2.2964067701338656e-001
  1.4646173801815752e+000  4.7161034568192844e-002  4.9278547446163493e+001  9.1715853655288793e-001  3.6210009261258745e-002  1.5667395697083386e-003  1.0965333832359363e+000  2.7495862062417942e-002  1.1646390789153092e+001  5.4688539370838996e-001  7.5337429155514279e-001  1.1993950649732792e-003  2.2875452732119586e+000  0.0000000000000000e+000  1.5084264592165331e-001  2.2673441239639955e-001
  1.4677927039356584e+000  5.0747708972987790e-002  5.4841978629375717e+001  9.8719709814986156e-001  3.6833449278372475e-002  1.5205187989857085e-003  9.9130651801107561e-001  2.7384157661454411e-002  1.0637350300705586e+001  5.4463361472875427e-001  7.5313339892976561e-001  1.0475139082546207e-003  2.2757406598131680e+000  0.0000000000000000e+000  1.5609340848848968e-001  2.2949788870228052e-001
  1.4728067468680972e+000  4.8576728938287503e-002  5.1000374354143375e+001  9.4470189447720077e-001  3.6587482099356937e-002  1.5606013724619211e-003  1.0661887232345020e+000  2.7472783694763692e-002  1.1358790102271378e+001  5.4642015130030863e-001  7.5330443251499868e-001  1.1554479576200462e-003  2.2838342996043370e+000  0.0000000000000000e+000  1.5165068026374059e-001  2.0937327175563428e-001
  1.4574447834410591e+000  4.6620282892501100e-002  4.8846101861577338e+001  9.0667193168896909e-001  3.5999388587090154e-002  1.5621777406803772e-003  1.1005482021810646e+000  2.7492544714329048e-002  1.1681655042493476e+001  5.4681851784100388e-001  7.5338402377485170e-001  1.2053062738717549e-003  2.2884075610009429e+000  0.0000000000000000e+000  1.5128499171654408e-001  2.4824860044798897e-001
  1.4556976889827460e+000  4.5047243477319851e-002  4.6590430718802843e+001  8.7609147103595819e-001  3.5671676179618118e-002  1.5808175293461645e-003  1.1512486413442513e+000  2.7539050355860573e-002  1.2166354740334667e+001  5.4775606506105134e-001  7.5349858741126641e-001  1.2786071380582742e-003  2.2937032778559336e+000  8.7898367779104536e-003  1.4868152448331343e-001  2.5712557759255722e-001
  1.4639526087043329e+000  4.7345009530999960e-002  4.9595260764249360e+001  9.2074771383623233e-001  3.6232130898901198e-002  1.5630507963772442e-003  1.0892423307731995e+000  2.7487806305641405e-002  1.1576297408908198e+001  5.4672299456750650e-001  7.5335778023784672e-001  1.1888703910808256e-003  2.2868162252096469e+000  0.0000000000000000e+000  1.5128464849941278e-001  2.2852193953150068e-001
  1.4587393467069005e+000  4.6979634800553921e-002  4.9323054228037904e+001  9.1366244836895161e-001  3.6084670080305151e-002  1.5593661803608525e-003  1.0911991615368350e+000  2.7484532607252365e-002  1.1592805440113553e+001  5.4665699916947830e-001  7.5336270013010143e-001  1.1917869067433855e-003  2.2873397268208482e+000  0.0000000000000000e+000  1.5166193415934823e-001  2.4379961497619715e-001
  1.4678272689194749e+000  4.9487884338309002e-002  5.2750059627137773e+001  9.6254347953661201e-001  3.6649460829587234e-002  1.5390855811387592e-003  1.0288743965101599e+000  2.7427418889566679e-002  1.0998489250211215e+001  5.4550566165441516e-001  7.5321959931015059e-001  1.1016839732699915e-003  2.2800153892133168e+000  0.0000000000000000e+000  1.5408008769608378e-001  2.2314118835013602e-001
  1.4726276974587342e+000  4.8492755679368567e-002  5.0879734096595300e+001  9.4306425086949219e-001  3.6570580932430811e-002  1.5614901703072184e-003  1.0685078288839325e+000  2.7475045396526676e-002  1.1381011115913784e+001  5.4646574503255074e-001  7.5330974552344065e-001  1.1587980337941020e-003  2.2840964804884458e+000  0.0000000000000000e+000  1.5154881391912367e-001  2.0961867239040730e-001
  1.4666489696584399e+000  5.0193589177047630e-002  5.3986010675821532e+001  9.7635955298691968e-001  3.6734526991541110e-002  1.5267453036922503e-003  1.0055580652931084e+000  2.7399852096508193e-002  1.0773895098051693e+001  5.4494997422256297e-001  7.5316625043342378e-001  1.0680811096095109e-003  2.2774426515356740e+000  0.0000000000000000e+000  1.5544027429997020e-001  2.2959133662840922e-001
  1.4627423790965686e+000  4.7498657339838539e-002  4.9900017333082090e+001  9.2375111288150291e-001  3.6239642047928823e-002  1.5588486179883116e-003  1.0819018216956415e+000  2.7478972484625164e-002  1.1505381944905727e+001  5.4654491158997764e-001  7.5334117537142331e-001  1.1782902956364964e-003  2.2861154689400203e+000  0.0000000000000000e+000  1.5178608370495297e-001  2.3205817975499357e-001
  1.4854260704635061e+000  5.0022321212370435e-002  5.2531773205901160e+001  9.7283137901134786e-001  3.7033135239420312e-002  1.5611687658651731e-003  1.0440337280443348e+000  2.7460994293441843e-002  1.1150939743212176e+001  5.4618248993373086e-001  7.5325252969660761e-001  1.1232890436473908e-003  2.2807264120498063e+000  0.0000000000000000e+000  1.5155470325719084e-001  1.9009608630727273e-001
  1.4624536460215802e+000  4.8278008610359677e-002  5.1134109251602837e+001  9.3895415688532036e-001  3.6367005881851974e-002  1.5473325940731819e-003  1.0564279059626838e+000  2.7452190456643155e-002  1.1260898882357528e+001  5.4600501604345375e-001  7.5328315798785206e-001  1.1415217301479590e-003  2.2833693650133697e+000  0.0000000000000000e+000  1.5315380205414317e-001  2.3423521772144884e-001
  1.4610225446709757e+000  4.7853316658400112e-002  5.0549265623058581e+001  9.3067891275690262e-001  3.6272935658405066e-002  1.5509348026904849e-003  1.0671952688464117e+000  2.7462201755987348e-002  1.1363523056052676e+001  5.4620683092553257e-001  7.5330786833530716e-001  1.1570846637446938e-003  2.2846284640738319e+000  0.0000000000000000e+000  1.5272262853493490e-001  2.3765117362444935e-001
  1.4602098962201335e+000  4.8016863630680313e-002  5.0853728761162294e+001  9.3387523362444635e-001  3.6287218517421282e-002  1.5472348377882073e-003  1.0604482351404201e+000  2.7454261304715066e-002  1.1298502978495614e+001  5.4604676150826492e-001  7.5329254777836252e-001  1.1473585516526344e-003  2.2839487547630646e+000  0.0000000000000000e+000  1.5315862710603642e-001  2.4061498047687827e-001
  1.4838726862000036e+000  4.9613293395032246e-002  5.1978425753563663e+001  9.6485005831866844e-001  3.6942435286577285e-002  1.5644267484547056e-003  1.0537752374775504e+000  2.7470144221809489e-002  1.1243896281189384e+001  5.4636694219109394e-001  7.5327499713920876e-001  1.1373670558323355e-003  2.2818796527567571e+000  0.0000000000000000e+000  1.5121847877673339e-001  1.9173438851377303e-001
  1.4674564079164842e+000  4.9307338047257475e-002  5.2479959843578364e+001  9.5901864131597547e-001  3.6615209555992269e-002  1.5410660452561799e-003  1.0337123666299703e+000  2.7432458680966443e-002  1.1044726815770169e+001  5.4560725465342408e-001  7.5323071140806264e-001  1.1086681758067408e-003  2.2805719923096328e+000  0.0000000000000000e+000  1.5386168199044950e-001  2.2344752119387370e-001
  1.4691592244099303e+000  4.8294783235787689e-002  5.0771076698403078e+001  9.3922628918276485e-001  3.6480197926779007e-002  1.5584545765389686e-003  1.0683660392865892e+000  2.7471480320599317e-002  1.1378211331369911e+001  5.4639387657631922e-001  7.5330975598433858e-001  1.1586471030314467e-003  2.2842782976388118e+000  0.0000000000000000e+000  1.5188686357689382e-001  2.1680161252766375e-001
  1.4834203431693822e+000  4.9764932627739081e-002  5.2245006171516813e+001  9.6781735711356631e-001  3.6958707706378290e-002  1.5614907213599520e-003  1.0483090731202864e+000  2.7463655546303034e-002  1.1191252803708190e+001  5.4623613762668910e-001  7.5326253342189253e-001  1.1294888828635441e-003  2.2813037060898322e+000  0.0000000000000000e+000  1.5154008747068146e-001  1.9271768154492988e-001
  1.4747010089652861e+000  4.7903482639110699e-002  4.9853896476481211e+001  9.3155369226246576e-001  3.6503636176154826e-002  1.5732883028037033e-003  1.0912880092344732e+000  2.7500711528308130e-002  1.1600372863140114e+001  5.4698315659546992e-001  7.5336144837667540e-001  1.1916505589815961e-003  2.2864057632677817e+000  0.0000000000000000e+000  1.5018200264639389e-001  2.0492117579910543e-001
  1.4576685161363752e+000  4.6776371802720436e-002  4.9071963265862408e+001  9.0971011252756373e-001  3.6031233136944840e-002  1.5603842692869417e-003  1.0957777920666754e+000  2.7488027683875593e-002  1.1636135669546798e+001  5.4672745740060336e-001  7.5337320352464299e-001  1.1984162183675054e-003  2.2878900219716312e+000  0.0000000000000000e+000  1.5151967114251710e-001  2.4749328659692493e-001
