  1.1530045278391725e+000  1.7697826747857706e-002  2.3458573050160187e+001  3.4625475341314438e-001  1.8812218606974730e-002  1.5090142276630986e-003  3.3891092560126355e+000  5.7380129436861216e-002  1.5069527403284320e+002  1.0934989180676062e+000  5.0730674803270627e-002  4.6250249471985316e-003  4.1741910419919485e+001  0.0000000000000000e+000
  1.0696688943953274e+000  2.5485898607117748e-002  3.4021831660227647e+001  4.9899233427092093e-001  2.0727254952923952e-002  1.2999575365889382e-003  3.0881019787407791e+000  7.6132821975435916e-002  2.0627005474452977e+002  1.4368651805891872e+000  5.5789289590837891e-002  3.6897684951463852e-003  5.2222057055500649e+001  4.4441141110012961e-002
  1.1056110427762171e+000  2.0869603628623546e-002  2.7572125653866294e+001  4.0844363366252506e-001  1.9527705253577384e-002  1.4048910687609049e-003  3.1051165428184362e+000  6.6053258801173742e-002  1.7638208237491739e+002  1.2531635839661508e+000  5.2467940744456189e-002  4.1382290508439126e-003  4.6145354916099848e+001  0.0000000000000000e+000
  1.0763462356091245e+000  2.4737300819280196e-002  3.2789378647485528e+001  4.8428365279282776e-001  2.0585789984338757e-002  1.3180622128862957e-003  3.1014598147935448e+000  7.4889982566288871e-002  1.9986030768391439e+002  1.4143219798656670e+000  5.5287644980167874e-002  3.7749832235994575e-003  5.0754703760967224e+001  1.5094075219344472e-002
  1.1122350395430558e+000  2.0727884599970391e-002  2.6845189675403596e+001  4.0565450052253421e-001  1.9559589379139042e-002  1.4159994722467571e-003  3.1113407513889104e+000  6.5608093637648746e-002  1.6716772550676694e+002  1.2450044178336483e+000  5.2347548956089916e-002  4.1773927833642071e-003  4.4041554210377896e+001  1.8676342058032702e-004
  1.0733068350328003e+000  2.5021180395269526e-002  3.3222662273298191e+001  4.8986375120106762e-001  2.0629775410597427e-002  1.3105745772520501e-003  3.0955772648174342e+000  7.5387186479140667e-002  2.0185214597634953e+002  1.4233441331665304e+000  5.5491324017332692e-002  3.7374905481799073e-003  5.1232324934367078e+001  2.4646498687341589e-002
  1.1263920031994106e+000  1.9514399979995829e-002  2.5378453988170502e+001  3.8187533353487696e-001  1.9237382171543003e-002  1.4501407128279923e-003  3.2026699887451446e+000  6.1903185504482705e-002  1.5970800860518287e+002  1.1769485366732901e+000  5.1538428940989089e-002  4.3282282202678941e-003  4.2779051265373305e+001  0.0000000000000000e+000
  1.0719099979126010e+000  2.5261542481459103e-002  3.3584348669873606e+001  4.9458239647201385e-001  2.0689701798376699e-002  1.3057417090128456e-003  3.0929410645878992e+000  7.5799926837079035e-002  2.0351987376073032e+002  1.4308299449510393e+000  5.5649206006110369e-002  3.7161007935579589e-003  5.1592851478753261e+001  3.1857029575065310e-002
  1.0833610601736694e+000  2.3559042468078297e-002  3.1104814088458429e+001  4.6116859469695515e-001  2.0265276063218467e-002  1.3419991838801420e-003  3.1091423030479461e+000  7.2553032803916895e-002  1.9222176523767018e+002  1.3718512270105059e+000  5.4466109186328923e-002  3.8748277147182056e-003  4.9185511823229177e+001  0.0000000000000000e+000
  1.0857457413919021e+000  2.3328347380670685e-002  3.0738991262257027e+001  4.5664033529403780e-001  2.0216972759526872e-002  1.3480356287413910e-003  3.1118440960645852e+000  7.2057200848749781e-002  1.9019444744804662e+002  1.3628264043477891e+000  5.4289414739372960e-002  3.9011609046707661e-003  4.8742660136594381e+001  0.0000000000000000e+000
  1.1031550789723528e+000  2.1065061686871892e-002  2.7849775596976496e+001  4.1227574217425095e-001  1.9573017442930784e-002  1.3991699569223985e-003  3.1062041393367199e+000  6.6584593801736758e-002  1.7798763124579091e+002  1.2628970156176820e+000  5.2614624206125657e-002  4.1135506068295646e-003  4.6468336588042533e+001  0.0000000000000000e+000
  1.0916909110743298e+000  2.2313279238955076e-002  2.9512136531902048e+001  4.3674321302740032e-001  1.9911249092594129e-002  1.3684162818427532e-003  3.1107597482049432e+000  6.9708313943067313e-002  1.8600526626291409e+002  1.3200078865513589e+000  5.3546201037020194e-002  3.9851152291831629e-003  4.8006186655557450e+001  1.1453195498718483e-003
  1.1447097722275257e+000  1.8116749942838923e-002  2.3989575445098705e+001  3.5447551255083054e-001  1.8882705105599151e-002  1.4922990813551749e-003  3.3351041284612917e+000  5.7879740627598819e-002  1.5468012573397485e+002  1.1027363795935816e+000  5.0859506070371929e-002  4.5398475187861109e-003  4.2395013897011097e+001  0.0000000000000000e+000
  1.1510872923365294e+000  1.7924894487793875e-002  2.3637323322708784e+001  3.5070541356046964e-001  1.8887214546675767e-002  1.5035607829009478e-003  3.3707149471639983e+000  5.7702205892342873e-002  1.5094224227550586e+002  1.0994544474266643e+000  5.0758434056644298e-002  4.5946231265980957e-003  4.1629297081082221e+001  0.0000000000000000e+000
  1.0821762199245182e+000  2.3790281516589341e-002  3.1465693140166682e+001  4.6570220731565026e-001  2.0335924414064590e-002  1.3375079291607218e-003  3.1086181462176814e+000  7.3032277707883564e-002  1.9421576599325215e+002  1.3805695583382285e+000  5.4624293742249953e-002  3.8586594624013711e-003  4.9583649239058680e+001  0.0000000000000000e+000
  1.1298221892625586e+000  1.9198518396965736e-002  2.5083281161998379e+001  3.7568523176922702e-001  1.9148432903928991e-002  1.4586439366445763e-003  3.2285180857812570e+000  6.0884750129379772e-002  1.5900647013001526e+002  1.1581935905869436e+000  5.1356953149863001e-002  4.3696915958678015e-003  4.2773129815952203e+001  0.0000000000000000e+000
  1.0770887366044350e+000  2.4352665208286876e-002  3.2335199654766392e+001  4.7674350568912061e-001  2.0456556026211693e-002  1.3237965466585946e-003  3.1013830729476393e+000  7.4138981482477329e-002  1.9863064762054805e+002  1.4006852827629146e+000  5.5030691494182132e-002  3.7973685830188942e-003  5.0555430417003656e+001  1.1108608340073101e-002
  1.0800258861588901e+000  2.3890506129692252e-002  3.1685663465208805e+001  4.6767554002216599e-001  2.0335193687336630e-002  1.3334051610658754e-003  3.1048532698390741e+000  7.3225711688620354e-002  1.9582236357067995e+002  1.3840871957296184e+000  5.4706627773029357e-002  3.8386766088022214e-003  4.9973385968222900e+001  0.0000000000000000e+000
  1.0881869273526543e+000  2.2986672230280863e-002  3.0315998587945348e+001  4.4993956885108444e-001  2.0125043160368554e-002  1.3554651564337485e-003  3.1130547042376264e+000  7.1287736871530116e-002  1.8872390800696610e+002  1.3488115520081454e+000  5.4030987803788330e-002  3.9335132614647314e-003  4.8457876866082728e+001  0.0000000000000000e+000
  1.0985464593589116e+000  2.1833428088225682e-002  2.8592047582550759e+001  4.2732783154595122e-001  1.9821563345128846e-002  1.3836944407955578e-003  3.1148862377525450e+000  6.8550398979181137e-002  1.7901157248881941e+002  1.2988600958375240e+000  5.3173215414302130e-002  4.0467286247655235e-003  4.6482058193718700e+001  0.0000000000000000e+000
  1.0911332111355727e+000  2.2480088402076728e-002  2.9664053633040538e+001  4.4001077580319670e-001  1.9969474767549129e-002  1.3656556009750073e-003  3.1121548362378686e+000  7.0107182020974323e-002  1.8603083572765320e+002  1.3272865947667718e+000  5.3667003623427356e-002  3.9736831083087999e-003  4.7965426299114988e+001  0.0000000000000000e+000
  1.1333343186709133e+000  1.9013136960038406e-002  2.4822002117537512e+001  3.7204933725667427e-001  1.9116547566146419e-002  1.4657547989062160e-003  3.2498796876722871e+000  6.0214337782266814e-002  1.5710373790209823e+002  1.1458365381726683e+000  5.1242666988242848e-002  4.4028939271590732e-003  4.2422013294128377e+001  0.0000000000000000e+000
  1.1424086982817989e+000  1.8248789851506089e-002  2.4144322023409817e+001  3.5706572190190394e-001  1.8908927027754954e-002  1.4874906086892157e-003  3.3196772847453548e+000  5.8015598596807161e-002  1.5564298844820581e+002  1.1052474515032014e+000  5.0909059746045267e-002  4.5154227239559228e-003  4.2536129126114091e+001  0.0000000000000000e+000
  1.1367463249660099e+000  1.8818781666556456e-002  2.4554025144265267e+001  3.6823817677178300e-001  1.9077953338964559e-002  1.4728614515121775e-003  3.2709770558995572e+000  5.9502556707603182e-002  1.5513062153647800e+002  1.1327073253641604e+000  5.1137069875489001e-002  4.4359429737458132e-003  4.2067423614700118e+001  0.0000000000000000e+000
  1.0793015451130452e+000  2.4130839180184025e-002  3.2026319160764963e+001  4.7238621749724014e-001  2.0415495213495487e-002  1.3294288799501554e-003  3.1049227494849774e+000  7.3707530725327541e-002  1.9739497905822643e+002  1.3928459839909433e+000  5.4865967352936446e-002  3.8248318319487086e-003  5.0268355767317608e+001  5.3671153463521470e-003
  1.0857636209464427e+000  2.3058373201218643e-002  3.0522193766551514e+001  4.5135370675645337e-001  2.0111240580253372e-002  1.3513250671558438e-003  3.1091057458821769e+000  7.1450818305767938e-002  1.9057227358610248e+002  1.3517828524864761e+000  5.4098889901202950e-002  3.9135960054188790e-003  4.8910032395287274e+001  1.3587342014025339e-003
  1.1131214031525916e+000  2.0607756042525370e-002  2.6729839944274090e+001  4.0330155056103950e-001  1.9521332655509743e-002  1.4186510008116224e-003  3.1134228284974714e+000  6.5268939831938599e-002  1.6692730755381450e+002  1.2387856609910752e+000  5.2264654178229390e-002  4.1891128229105540e-003  4.4023316530404593e+001  0.0000000000000000e+000
  1.1176785592068457e+000  1.9957033076728057e-002  2.6118132452596630e+001  3.9055695660361639e-001  1.9306042600688359e-002  1.4327105581589999e-003  3.1523863085930035e+000  6.3389075934385364e-002  1.6573872509607048e+002  1.2042753735945730e+000  5.1850185161415999e-002  4.2516079777383600e-003  4.3992980147645390e+001  5.8751665776624051e-005
  1.1210889341950394e+000  1.9883247904252770e-002  2.5949807624855499e+001  3.8910402003044109e-001  1.9326998937190594e-002  1.4382497614374905e-003  3.1707869162811608e+000  6.3095968800845670e-002  1.6413188135460834e+002  1.1988883043264114e+000  5.1759071175257534e-002  4.2787654525631227e-003  4.3623435875509379e+001  0.0000000000000000e+000
  1.1326660696410518e+000  1.9031594516421085e-002  2.4856372955749723e+001  3.7241215254173354e-001  1.9114796204506554e-002  1.4646107807156699e-003  3.2462145590345424e+000  6.0293704853076502e-002  1.5742607506648426e+002  1.1472998936287926e+000  5.1259514435944037e-002  4.3973485393059009e-003  4.2490630958222567e+001  0.0000000000000000e+000
  1.0958174952010145e+000  2.2229521458939437e-002  2.9045441933190020e+001  4.3508970489099358e-001  1.9940771518943162e-002  1.3752005481726302e-003  3.1168930103128467e+000  6.9510718710008357e-002  1.8049847896485684e+002  1.3164009315375047e+000  5.3471459123144230e-002  4.0112195201683475e-003  4.6728659060792459e+001  0.0000000000000000e+000
  1.1155558402202654e+000  2.0145248102362411e-002  2.6352760989819128e+001  3.9424505059620252e-001  1.9357403935674568e-002  1.4275096078273026e-003  3.1378364305683624e+000  6.3959533204059449e-002  1.6698723565186293e+002  1.2147550787454939e+000  5.1971181173152657e-002  4.2289319955032371e-003  4.4208510241383507e+001  4.7178258703306497e-004
  1.1385367524471650e+000  1.8450815154037788e-002  2.4408387098826015e+001  3.6102917490442116e-001  1.8944120397729906e-002  1.4796465407475937e-003  3.2950178298031583e+000  5.8341350187240071e-002  1.5754120646886290e+002  1.1112668647538637e+000  5.0998182356023387e-002  4.4766741646879160e-003  4.2858550377546507e+001  3.1970937686742751e-004
  1.0996209601576834e+000  2.1495470307873542e-002  2.8350498773545137e+001  4.2070973084688434e-001  1.9699297195229358e-002  1.3891622813444627e-003  3.1101000796824394e+000  6.7698452825590394e-002  1.7981414017158306e+002  1.2832836245861419e+000  5.2928833079868697e-002  4.0709829467359057e-003  4.6767121559002106e+001  3.6156983857171809e-005
  1.1481917584048977e+000  1.7981388434601314e-002  2.3762550163087138e+001  3.5181813725513794e-001  1.8870358907110779e-002  1.4988394166619468e-003  3.3553366556615236e+000  5.7725495086744294e-002  1.5242442545040407e+002  1.0998850100005981e+000  5.0804607083552639e-002  4.5712731151873499e-003  4.1950620367882294e+001  0.0000000000000000e+000
  1.1471339550175643e+000  1.8035025286292330e-002  2.3838834941260096e+001  3.5287044844872717e-001  1.8879897992779608e-002  1.4966968563779738e-003  3.3486995608996910e+000  5.7793908215695522e-002  1.5308278161998470e+002  1.1011497467306022e+000  5.0821195697344154e-002  4.5608190376539275e-003  4.2069051894130070e+001  0.0000000000000000e+000
  1.1146533422393297e+000  2.0413141244884171e-002  2.6557797951923632e+001  3.9948921821884870e-001  1.9461105216020014e-002  1.4230593692415446e-003  3.1262793479709030e+000  6.4709163887651355e-002  1.6676688622874099e+002  1.2285166189846279e+000  5.2128532154201802e-002  4.2095085488512325e-003  4.4044314717190701e+001  0.0000000000000000e+000
  1.0895288916829138e+000  2.2748308081524032e-002  2.9976335611159975e+001  4.4526789730777733e-001  2.0050644657271605e-002  1.3602345267032519e-003  3.1127248162851888e+000  7.0741878538908565e-002  1.8699773042932708e+002  1.3388623616832973e+000  5.3865303567443096e-002  3.9511213840823303e-003  4.8126994419781418e+001  0.0000000000000000e+000
  1.1298470743992535e+000  1.9196354663070420e-002  2.5080325510685370e+001  3.7564284112928487e-001  1.9147797055615080e-002  1.4587052770468120e-003  3.2286809792037170e+000  6.0877568611056754e-002  1.5898542754621579e+002  1.1580612674373931e+000  5.1355935257751686e-002  4.3699514343681998e-003  4.2769478343426435e+001  0.0000000000000000e+000
  1.1369887268416121e+000  1.8528746649955699e-002  2.4512059394299648e+001  3.6255817505608900e-001  1.8956671150539884e-002  1.4765519514879210e-003  3.2852930647072451e+000  5.8642605579777407e-002  1.5828246275190949e+002  1.1168317710693252e+000  5.1036838763420751e-002  4.4614531260190552e-003  4.2987352318841261e+001  7.7097262901859587e-004
  1.0774959733058613e+000  2.4224782659804194e-002  3.2196714426990525e+001  4.7423586516219912e-001  2.0416595388101179e-002  1.3258958870080312e-003  3.1015888184120008e+000  7.3882291144480416e-002  1.9839459599596933e+002  1.3960217554666308e+000  5.4941603794948217e-002  3.8064981720513317e-003  5.0522472597198657e+001  1.0449451943973065e-002
  1.0967009619944867e+000  2.2228497119199157e-002  2.9004900500786100e+001  4.3506626359912987e-001  1.9955530597775498e-002  1.3764021225331016e-003  3.1184719235863518e+000  6.9505109277555377e-002  1.7997248935124506e+002  1.3162985243097669e+000  5.3459316453225478e-002  4.0175105867344060e-003  4.6590461084353521e+001  0.0000000000000000e+000
  1.0899999886062242e+000  2.2703271987125510e-002  2.9892173231389762e+001  4.4438449777720951e-001  2.0039934564016232e-002  1.3614378218233696e-003  3.1130332964664831e+000  7.0636798577214499e-002  1.8639365356304603e+002  1.3369464308420849e+000  5.3833213411858288e-002  3.9556723742071396e-003  4.7998426456150348e+001  0.0000000000000000e+000
  1.1020759613128124e+000  2.1359786764724577e-002  2.8143137893303102e+001  4.1804620754875271e-001  1.9682599985551445e-002  1.3941168863105366e-003  3.1112310534758567e+000  6.7334732927720631e-002  1.7857544005172136e+002  1.2766292510465078e+000  5.2806405598966259e-002  4.0940863076439210e-003  4.6488215843922099e+001  0.0000000000000000e+000
  1.0974802749915613e+000  2.1958676548588171e-002  2.8758245872780513e+001  4.2978266658087538e-001  1.9856683458511083e-002  1.3807181135414379e-003  3.1153002534985248e+000  6.8855291607058278e-002  1.7981687593256413e+002  1.3044311092321905e+000  5.3267467090869755e-002  4.0345827287374507e-003  4.6636451700399718e+001  0.0000000000000000e+000
  1.1021225464632314e+000  2.1261743772395085e-002  2.8030409062535373e+001  4.1612790601344146e-001  1.9640081452259268e-002  1.3954059135011076e-003  3.1091418712306389e+000  6.7096147387600724e-002  1.7812910564406192e+002  1.2722628414710471e+000  5.2750932199785043e-002  4.0974220132778613e-003  4.6434847692450248e+001  0.0000000000000000e+000
  1.1524526544253964e+000  1.7727242167362788e-002  2.3489011191272422e+001  3.4683208460899267e-001  1.8817339335003763e-002  1.5078869899671386e-003  3.3852662937709832e+000  5.7414876250373004e-002  1.5085778052271874e+002  1.0941415208066836e+000  5.0738298921065350e-002  4.6189322642168178e-003  4.1759505338230369e+001  5.5857891231081425e-005
  1.1154335831995332e+000  2.0366817389716695e-002  2.6492018982126311e+001  3.9858071503813514e-001  1.9452924352203419e-002  1.4246860351006141e-003  3.1311399335381553e+000  6.4565253384473609e-002  1.6635011311389246e+002  1.2258755996268320e+000  5.2092020119791679e-002  4.2168728391733835e-003  4.3957929741332336e+001  0.0000000000000000e+000
  1.1176660624080639e+000  2.0083542993431021e-002  2.6211798664465249e+001  3.9303216932829022e-001  1.9362574658123580e-002  1.4311546632599782e-003  3.1491895186365237e+000  6.3735936078668565e-002  1.6561378845607169e+002  1.2106482015993212e+000  5.1910634962023437e-002  4.2456384861992002e-003  4.3895410380887036e+001  0.0000000000000000e+000
  1.0999758549665317e+000  2.1475316826901132e-002  2.8313577335471194e+001  4.2031418368774626e-001  1.9696466541923051e-002  1.3898915998624575e-003  3.1102701766549909e+000  6.7646456348232298e-002  1.7953740399413084e+002  1.2823324911683134e+000  5.2911806502005346e-002  4.0741389352260994e-003  4.6705656810663847e+001  0.0000000000000000e+000
