  7.6815844121372240e+004  5.0000000000000000e+002  3.1627393578413042e+001  7.6455255907690460e+006  1.1530045278391725e+000  3.4625475341314438e-001  1.0000000000000000e+000                      Inf
  1.0998969570939774e+005  1.6197222666264094e+002  2.9358379550595590e+001  8.3086415465639373e+006  1.0696688943953274e+000  4.9899233427092093e-001  1.0000000000000000e+000                      Inf
  9.1101995676124454e+004  2.4694245220739512e+002  3.1779624306163221e+001  8.1857742446946837e+006  1.1056110427762171e+000  4.0844363366252506e-001  1.0000000000000000e+000  1.5332528756860481e-001
  1.0736535161621736e+005  1.7327246352078834e+002  2.9553558708312906e+001  8.2601971184544815e+006  1.0763462356091245e+000  4.8428365279282776e-001  1.0000000000000000e+000  1.3128213794325413e-001
  9.1602651107123922e+004  2.5239037412196086e+002  3.1698990425987496e+001  7.6811485956782671e+006  1.1124218029636361e+000  4.0584126394311454e-001  1.0000000000000000e+000  1.2378796604200057e-001
  1.0865659638232812e+005  1.6826863612803672e+002  2.9624299663737048e+001  8.2479017671281341e+006  1.0733068350328003e+000  4.8986375120106762e-001  1.0000000000000000e+000  1.2066108238100469e-001
  8.5975766071208098e+004  3.0207859808878459e+002  3.1962361396467173e+001  7.6218779728533961e+006  1.1263920031994106e+000  3.8187533353487696e-001  1.0000000000000000e+000  1.1449450402536976e-001
  1.0935287820530481e+005  1.6494061258807577e+002  2.9403112337956482e+001  8.2389157067984985e+006  1.0719099979126010e+000  4.9458239647201385e-001  1.0000000000000000e+000  1.0342053326546710e-001
  1.0178402939250150e+005  1.8792340416657296e+002  3.0163657477908711e+001  8.1469077467356194e+006  1.0833610601736694e+000  4.6116859469695515e-001  1.0000000000000000e+000  1.0216275683430702e-001
  1.0123503324892135e+005  1.9279523244225734e+002  3.0318288546325331e+001  8.1432436308329673e+006  1.0857457413919021e+000  4.5664033529403780e-001  1.0000000000000000e+000  1.0049823049789509e-001
  9.2046972816448499e+004  2.4110923352958332e+002  3.1799788578950761e+001  8.2239382410250781e+006  1.1031550789723528e+000  4.1227574217425095e-001  1.0000000000000000e+000  9.2171092725812642e-002
  9.7085795101383395e+004  2.1105720746893684e+002  3.1164354158558737e+001  8.2617102200684277e+006  1.0928362306242017e+000  4.3788853257727217e-001  1.0000000000000000e+000  8.8428980369921667e-002
  7.8520946861491786e+004  4.1861269923139304e+002  3.1686338002514557e+001  7.7257976724864664e+006  1.1447097722275257e+000  3.5447551255083054e-001  1.0000000000000000e+000  8.4168714300970060e-002
  7.8285456175234096e+004  4.6780556638931893e+002  3.1685009097174255e+001  7.6391175572596695e+006  1.1510872923365294e+000  3.5070541356046964e-001  1.0000000000000000e+000  8.4078475668410521e-002
  1.0173180024672755e+005  1.8372049421811576e+002  2.9670410637036404e+001  8.1312113724386850e+006  1.0821762199245182e+000  4.6570220731565026e-001  1.0000000000000000e+000  8.2623107322841838e-002
  8.3931963663652394e+004  3.1855450340689822e+002  3.1829456837169648e+001  7.6429942888665972e+006  1.1298221892625586e+000  3.7568523176922702e-001  1.0000000000000000e+000  8.2264941947577219e-002
  1.0404413454840740e+005  1.7477478049856762e+002  2.9545647739637221e+001  8.1802753797176005e+006  1.0770887366044350e+000  4.7674350568912061e-001  1.0000000000000000e+000  7.9581117186764722e-002
  1.0134724229318245e+005  1.7989033630524193e+002  2.9590568773085025e+001  8.1146673746661572e+006  1.0800258861588901e+000  4.6767554002216599e-001  1.0000000000000000e+000  7.8256544386139826e-002
  9.9699283767515648e+004  1.9906456098249527e+002  3.0492345206339273e+001  8.1823544361838978e+006  1.0881869273526543e+000  4.4993956885108444e-001  1.0000000000000000e+000  7.7618387469847880e-002
  9.6385999575891445e+004  2.2389084816320420e+002  3.1513156045589955e+001  8.0784206017094143e+006  1.0985464593589116e+000  4.2732783154595122e-001  1.0000000000000000e+000  7.7062819425919971e-002
  9.8448457114866469e+004  2.0923761492603671e+002  3.1184676672832488e+001  8.2546654810910551e+006  1.0911332111355727e+000  4.4001077580319670e-001  1.0000000000000000e+000  7.6564199785533388e-002
  8.3558653505581387e+004  3.3464338441887980e+002  3.1936350181284475e+001  7.6350740541420663e+006  1.1333343186709133e+000  3.7204933725667427e-001  1.0000000000000000e+000  7.6289471295059197e-002
  7.8518183560366611e+004  3.9751034663302022e+002  3.1472971987628696e+001  7.6794458838254614e+006  1.1424086982817989e+000  3.5706572190190394e-001  1.0000000000000000e+000  7.5097540780080976e-002
  8.3031245618646106e+004  3.5174547750066773e+002  3.2033206647980535e+001  7.6093723995631896e+006  1.1367463249660099e+000  3.6823817677178300e-001  1.0000000000000000e+000  7.3799061095731117e-002
  1.0269738322320124e+005  1.7830733471282528e+002  2.9431609247229513e+001  8.1787551817829367e+006  1.0793015451130452e+000  4.7238621749724014e-001  1.0000000000000000e+000  7.3309727193891366e-002
  9.9085010539498559e+004  1.9483035288442309e+002  3.0428109885727036e+001  8.1814901934939660e+006  1.0871223551478453e+000  4.5271244095785590e-001  1.0000000000000000e+000  7.3164527963525461e-002
  9.0670463109175122e+004  2.5520095002812880e+002  3.1644995736574995e+001  7.6778765019271607e+006  1.1131214031525916e+000  4.0330155056103950e-001  1.0000000000000000e+000  6.8365700856589148e-002
  8.6658146257042608e+004  2.7414748434834104e+002  3.1708894843468574e+001  7.7333448644933756e+006  1.1177373108726223e+000  3.9061570826939301e-001  1.0000000000000000e+000  6.6791617107074874e-002
  8.6770737222950673e+004  2.8352256077651310e+002  3.1620939902798671e+001  7.7280547021615403e+006  1.1210889341950394e+000  3.8910402003044109e-001  1.0000000000000000e+000  6.6488933162406672e-002
  8.3540013030827962e+004  3.3180835488032938e+002  3.1933909970862167e+001  7.6351789846186442e+006  1.1326660696410518e+000  3.7241215254173354e-001  1.0000000000000000e+000  6.5373082719759779e-002
  9.8687168742531139e+004  2.1636812212633544e+002  3.1410860223716131e+001  8.0710672537240330e+006  1.0958174952010145e+000  4.3508970489099358e-001  1.0000000000000000e+000  6.4853391395293253e-002
  8.7614490058147174e+004  2.6739434146388669e+002  3.1701506241817047e+001  7.7610917718025465e+006  1.1160276228072985e+000  3.9471683318323558e-001  1.0000000000000000e+000  6.3116322801400199e-002
  7.9746835761668844e+004  3.7449759817707633e+002  3.1672658285459146e+001  7.7555499344015550e+006  1.1388564618240324e+000  3.6134888428128858e-001  1.0000000000000000e+000  6.3088457022963979e-002
  9.3457872588288286e+004  2.2871905166880239e+002  3.1411135457921443e+001  8.1433862654240765e+006  1.0996571171415406e+000  4.2074588783074152e-001  1.0000000000000000e+000  6.3071868891706823e-002
  7.7797412428630152e+004  4.4205020458294911e+002  3.1539559275112509e+001  7.6208877544725398e+006  1.1481917584048977e+000  3.5181813725513794e-001  1.0000000000000000e+000  6.1613605414220965e-002
  7.7920130684619406e+004  4.3287672614411264e+002  3.1506092517518876e+001  7.6338294533911012e+006  1.1471339550175643e+000  3.5287044844872717e-001  1.0000000000000000e+000  5.9180987697508208e-002
  8.9654025322429632e+004  2.6194354083355273e+002  3.1712541897216294e+001  7.7344691082960004e+006  1.1146533422393297e+000  3.9948921821884870e-001  1.0000000000000000e+000  5.8653541238529838e-002
  1.0019281902698705e+005  2.0536060453526730e+002  3.1159407366596472e+001  8.2644462198050795e+006  1.0895288916829138e+000  4.4526789730777733e-001  1.0000000000000000e+000  5.8126168970238409e-002
  8.3929844352616768e+004  3.1868474564590247e+002  3.1833133236284887e+001  7.6428632721052300e+006  1.1298470743992535e+000  3.7564284112928487e-001  1.0000000000000000e+000  5.5555052172042360e-002
  8.0002906701420667e+004  3.6529371003191858e+002  3.1670221570173151e+001  7.7628681066668611e+006  1.1377596994706307e+000  3.6332914768510760e-001  1.0000000000000000e+000  5.5204822404377407e-002
  1.0303230889209469e+005  1.7577656511415364e+002  2.9540219218795375e+001  8.1784919198013134e+006  1.0774959733058613e+000  4.7423586516219912e-001  1.0000000000000000e+000  5.5080906910880127e-002
  9.9120488676833716e+004  2.1815595901926903e+002  3.1437739281462768e+001  8.0831473379431777e+006  1.0967009619944867e+000  4.3506626359912987e-001  1.0000000000000000e+000  5.4698926743806900e-002
  1.0026413762339205e+005  2.0653137019317560e+002  3.1252329662938372e+001  8.2590993855934814e+006  1.0899999886062242e+000  4.4438449777720951e-001  1.0000000000000000e+000  5.3670607882778845e-002
  9.3862996956813105e+004  2.3635069095594824e+002  3.1655735425716156e+001  8.2199944987784810e+006  1.1020759613128124e+000  4.1804620754875271e-001  1.0000000000000000e+000  5.3167888512534164e-002
  9.6837852557999737e+004  2.2094891798895532e+002  3.1415881130492334e+001  8.0784796941311406e+006  1.0974802749915613e+000  4.2978266658087538e-001  1.0000000000000000e+000  5.2168100312366801e-002
  9.3438451535237124e+004  2.3739591360456114e+002  3.1808881817834077e+001  8.2080668318045428e+006  1.1021225464632314e+000  4.1612790601344146e-001  1.0000000000000000e+000  5.0729313573210942e-002
  7.6966049608172165e+004  4.9273675804940734e+002  3.1642364094221406e+001  7.6454433415791690e+006  1.1525085123166274e+000  3.4688794250022376e-001  1.0000000000000000e+000  5.0676998082134633e-002
  8.9488684159559984e+004  2.6416380132601472e+002  3.1712237839242885e+001  7.7314012954644039e+006  1.1154335831995332e+000  3.9858071503813514e-001  1.0000000000000000e+000  4.7736561921438450e-002
  8.7801064544005611e+004  2.7305593690257388e+002  3.1737622411968704e+001  7.7468765646877568e+006  1.1176660624080639e+000  3.9303216932829022e-001  1.0000000000000000e+000  4.7366481866592938e-002
  9.3406797239063220e+004  2.2941131620706489e+002  3.1411826109741103e+001  8.1368187384054642e+006  1.0999758549665317e+000  4.2031418368774626e-001  1.0000000000000000e+000  4.6700613983930030e-002
